Planula_Early_1_AR012_RSEM	Planula_Early_2_AR002_RSEM	Planula_Late_1_AR019_RSEM	Planula_Late_3_AR002_RSEM	Polyp_1_RSEM	Polyp_2_AR005_RSEM	Polyp_3_AR006_RSEM	Strobila_Early_1_AR019_RSEM	Strobila_Early_2_AR006_RSEM	Strobila_Early_3_AR005_RSEM	Strobila_Late_1_AR015_RSEM	Strobila_Late_2_AR005_RSEM	Strobila_Late_3_AR019_RSEM	Ephyra_1_AR019_RSEM	Ephyra_2_AR012_RSEM	Ephyra_3_AR018_RSEM	Juvenile_1_AR002_RSEM	Juvenile_2_AR013_RSEM
evm.model.Seg1015.5	0.000	0.181	2.786	3.354	0.357	0.855	0.000	0.427	0.432	0.307	0.000	1.952	1.001	0.884	0.000	0.000	0.000	0.159
evm.model.Seg1019.14	0.210	0.581	8.824	33.384	184.886	24.541	30.171	7.296	3.695	2.780	4.446	9.663	5.426	0.164	1.460	0.365	0.054	0.521
evm.model.Seg1019.6.3.57f48f75	0.442	0.336	1.334	0.556	0.372	0.539	0.128	0.480	0.050	0.112	0.394	0.295	0.438	0.528	0.000	0.000	0.000	0.000
evm.model.Seg1022.1	81.237	17.473	74.382	116.575	42.055	75.196	5.702	17.600	16.385	25.878	36.582	31.582	34.384	51.038	17.238	1.753	32.263	23.547
evm.model.Seg1022.2	0.706	0.000	2.897	2.638	0.052	0.034	0.000	0.000	0.000	0.000	0.000	0.000	0.000	0.000	0.000	0.000	0.000	0.000
evm.model.Seg1027.10	90.946	41.429	932.780	640.492	93.629	8.824	338.934	97.271	46.817	47.619	25.170	38.391	51.679	0.000	15.129	27.667	0.000	7.058
evm.model.Seg1039.3	1.940	0.542	3.175	5.323	0.729	2.206	0.000	0.277	0.643	0.418	1.181	0.730	0.926	1.323	1.440	0.000	2.712	0.463
evm.model.Seg10.4	11.052	4.275	18.411	17.957	9.980	9.671	2.199	3.893	3.002	4.826	5.661	5.824	4.830	3.036	2.008	4.328	4.576	2.575
evm.model.Seg1040.5	0.054	0.039	0.132	0.141	0.000	0.000	0.000	0.000	0.000	0.000	0.035	0.000	0.000	0.000	0.000	0.073	0.000	0.000
evm.model.Seg1048.6	0.776	2.699	9.150	8.584	0.930	2.044	18.281	4.331	2.610	0.642	0.352	0.599	0.596	0.000	0.649	1.498	0.069	0.029
evm.model.Seg1062.1	1.219	0.323	2.084	2.725	0.885	0.983	0.205	0.085	0.131	0.130	0.497	0.435	0.199	0.562	0.081	0.310	0.316	0.202
evm.model.Seg1064.6	2.584	2.983	13.076	11.677	3.994	1.514	0.179	2.389	2.580	2.873	2.644	4.175	3.333	1.651	0.000	0.767	2.011	0.622
evm.model.Seg1077.18	0.683	0.000	1.674	2.384	0.699	0.111	0.000	0.000	0.090	0.000	0.000	0.115	0.000	0.000	0.000	0.000	0.000	0.000
evm.model.Seg1080.13	0.217	0.375	0.903	2.792	0.498	0.496	0.077	0.235	0.171	0.121	0.083	0.098	0.074	0.000	0.000	0.000	0.000	0.058
evm.model.Seg1080.9	34.933	23.427	53.219	38.446	16.235	14.271	2.966	8.779	7.821	7.448	9.969	12.034	12.366	18.865	3.103	6.739	18.720	3.081
evm.model.Seg1096.3	3.337	1.718	9.296	5.376	4.313	1.308	0.384	0.736	1.436	0.549	0.311	2.207	1.141	0.541	0.000	0.000	0.532	0.550
evm.model.Seg1098.2.3.57f48f75	1.335	0.672	2.515	2.933	1.145	2.027	0.384	0.512	0.783	0.642	0.435	0.886	1.464	0.000	0.000	0.000	2.211	0.853
evm.model.Seg1103.2	0.442	1.214	0.604	6.963	14.866	15.845	2.480	3.477	3.022	5.430	7.290	8.154	8.495	4.865	0.548	0.621	2.796	0.709
evm.model.Seg1115.2	3.461	7.077	38.546	2.377	1.361	1.736	3.119	2.261	2.179	1.934	1.871	0.870	1.042	2.083	1.136	4.036	0.886	4.787
evm.model.Seg1121.10	0.543	0.000	5.676	15.159	5.102	2.779	0.000	0.917	1.958	1.302	1.160	1.796	2.316	1.850	0.000	0.000	0.316	0.333
evm.model.Seg1121.8	0.543	0.413	3.634	6.963	3.295	2.300	0.153	0.981	0.793	0.381	0.925	0.943	0.562	0.000	0.710	0.292	0.223	0.579
evm.model.Seg1121.9	0.411	0.220	3.439	7.358	2.930	2.266	0.588	0.597	0.612	1.172	0.884	1.354	1.026	0.699	0.385	0.000	0.601	0.868
evm.model.Seg1135.2	9.112	7.645	21.461	46.882	13.505	7.371	12.017	4.491	4.458	8.797	14.152	23.568	27.180	11.478	5.902	5.862	4.530	2.690
evm.model.Seg1159.16	35.065	8.601	91.105	164.120	20.481	18.991	20.634	43.649	39.096	48.567	49.637	24.486	12.283	40.862	24.174	17.313	99.709	41.482
evm.model.Seg1175.2	12.154	2.157	15.625	20.495	8.314	10.235	3.938	9.707	8.323	6.500	2.692	1.961	1.820	11.958	1.683	0.274	11.748	0.000
evm.model.Seg1182.2	0.885	1.446	1.355	2.216	2.893	0.650	0.026	0.000	0.000	0.037	3.818	0.098	0.000	0.000	0.000	0.000	0.578	0.535
evm.model.Seg11841.1	0.264	0.349	2.758	2.584	0.327	0.633	0.205	0.256	0.331	0.298	0.359	0.090	0.256	0.000	0.000	0.000	0.824	0.289
evm.model.Seg1184.2.1.57f48f75	0.551	0.310	4.370	2.672	1.629	0.505	0.000	1.483	1.436	1.692	1.263	1.386	1.811	0.000	0.000	0.000	1.387	0.000
evm.model.Seg1190.15	0.279	0.000	1.341	2.477	0.662	0.154	0.000	0.395	0.181	0.456	0.000	0.000	0.116	1.309	0.000	0.000	2.334	0.636
evm.model.Seg119.19	1.420	0.271	3.974	2.584	0.640	1.300	0.051	0.661	0.542	0.539	1.581	1.337	0.918	2.316	0.000	0.000	1.510	0.000
evm.model.Seg1195.7.1.57f48f75	0.241	0.000	1.751	1.687	0.052	0.111	0.077	0.000	0.010	0.000	0.000	0.066	0.017	0.555	0.000	0.986	0.077	0.333
evm.model.Seg1198.5	1.731	0.930	7.788	19.183	2.685	1.445	0.588	1.344	1.195	1.413	2.112	1.665	1.638	1.295	1.420	3.488	1.826	6.089
evm.model.Seg1205.1	3.454	0.529	6.100	5.577	2.186	5.002	0.460	1.088	0.924	1.302	1.878	3.002	2.184	5.215	0.487	0.402	1.988	0.159
evm.model.Seg1208.7	4.517	2.028	5.155	4.586	2.506	3.600	0.000	1.835	2.068	1.609	1.491	0.894	1.001	4.112	0.730	0.402	5.069	0.521
evm.model.Seg1208.9	1.537	0.542	1.584	2.765	0.684	0.932	0.000	0.427	0.452	0.381	1.229	0.369	0.678	0.870	0.000	0.000	0.385	0.304
evm.model.Seg1221.2	1.684	0.620	3.668	4.071	1.554	0.838	0.000	0.299	0.211	0.158	0.725	0.804	0.744	0.274	0.000	0.639	0.185	0.000
evm.model.Seg1221.2.1.57f48f75	0.473	0.194	1.772	6.026	5.154	1.351	0.281	0.757	0.693	0.660	0.262	1.780	1.762	0.000	0.223	0.000	0.000	0.188
evm.model.Seg1230.1	0.768	0.271	4.995	1.553	4.812	3.164	1.099	0.587	0.271	0.567	3.811	3.872	4.417	3.125	0.710	1.169	2.226	0.231
evm.model.Seg1233.5	2.918	1.330	5.301	5.979	3.927	8.004	0.511	0.661	0.914	0.623	0.732	0.443	0.430	0.411	0.000	0.000	1.556	0.723
evm.model.Seg1236.4	1.451	4.675	9.185	10.458	0.937	0.684	2.736	1.376	1.135	0.902	1.098	0.919	0.835	0.281	3.711	2.356	0.393	1.822
evm.model.Seg1238.1	0.357	0.387	1.980	0.870	0.669	0.590	0.128	0.245	0.261	0.242	0.380	0.468	0.529	0.754	0.061	0.146	0.932	0.101
evm.model.Seg1238.1.1.57f48f76	0.357	0.387	1.980	0.870	0.669	0.590	0.128	0.245	0.261	0.242	0.380	0.468	0.529	0.754	0.061	0.146	0.932	0.101
evm.model.Seg1250.1	0.000	1.214	2.453	6.006	0.982	1.454	0.000	0.000	0.572	0.818	6.123	5.365	0.356	0.000	0.000	0.000	0.000	0.000
evm.model.Seg1250.1.1.57f48f76	3.950	0.000	9.893	9.347	2.067	3.874	0.793	1.131	1.426	2.353	1.933	3.289	5.029	5.393	2.231	0.000	5.115	1.389
evm.model.Seg1250.1.2.57f48f76	0.411	0.542	4.078	5.698	7.110	3.318	0.000	1.077	1.004	1.358	4.439	2.445	3.656	2.015	0.000	3.178	1.086	0.000
evm.model.Seg12536.1	0.248	0.245	1.396	1.145	0.677	0.000	0.077	0.245	0.171	0.149	0.304	0.041	0.000	0.377	0.000	0.000	0.308	0.087
evm.model.Seg1263.2	2.041	1.666	4.447	4.312	0.550	1.522	0.384	0.565	0.713	0.818	1.457	1.214	1.572	2.138	0.588	1.242	1.279	0.665
evm.model.Seg1263.6	0.000	0.000	3.821	0.121	0.134	0.197	0.000	0.043	0.000	0.000	0.235	0.779	2.084	0.000	0.000	0.000	0.300	0.000
evm.model.Seg1276.4	0.000	0.000	2.480	1.232	1.331	1.137	0.000	0.000	0.643	0.000	0.863	0.968	2.010	0.000	0.000	0.000	0.000	0.000
evm.model.Seg1278.10.1.57f48f76	0.047	0.000	0.709	0.509	0.892	1.189	0.051	0.704	0.653	0.614	1.436	0.443	0.306	0.000	0.000	0.000	0.277	0.000
evm.model.Seg1279.3	18.891	6.651	44.048	58.492	8.151	17.410	3.707	23.883	23.755	18.272	10.984	11.148	5.244	12.259	40.357	49.235	22.040	43.246
evm.model.Seg128.3	1.350	0.116	2.453	0.931	0.394	0.000	0.844	0.245	0.000	0.121	0.311	0.952	3.193	0.000	0.000	1.023	0.393	0.405
evm.model.Seg1284.10	7.598	0.568	29.208	34.897	2.938	1.642	0.000	0.203	0.241	0.325	1.181	0.935	0.935	0.000	0.223	0.730	0.092	1.750
evm.model.Seg1293.5	1.226	2.144	9.282	4.292	1.926	2.386	0.435	0.843	1.375	1.255	2.423	2.075	1.605	3.399	0.588	1.516	1.240	0.636
evm.model.Seg1293.5.1.57f48f76	0.000	0.000	0.639	0.181	0.022	0.086	0.000	0.160	0.000	0.000	0.000	0.000	0.000	0.000	0.000	0.000	0.200	0.000
evm.model.Seg1299.6	3.919	2.751	7.893	16.324	2.551	3.147	2.710	4.203	3.163	3.152	3.031	2.756	2.233	3.947	6.003	6.647	3.066	13.176
evm.model.Seg130.1	1.498	4.029	1.320	5.745	0.647	0.795	0.256	0.331	0.311	0.102	0.366	0.336	0.620	0.000	0.000	0.000	0.701	1.085
evm.model.Seg1303.1	2.755	0.956	2.661	6.321	2.127	2.061	0.230	0.277	0.331	0.400	1.415	0.000	0.389	0.000	0.000	1.918	3.505	0.405
evm.model.Seg1306.1	0.893	0.852	1.640	2.022	1.435	2.027	0.179	0.309	0.422	0.446	1.222	0.796	0.678	0.582	0.608	0.730	0.539	0.318
evm.model.Seg1323.6	0.256	0.052	0.271	0.489	0.245	0.145	0.000	0.043	0.060	0.074	0.055	0.041	0.066	0.000	0.000	0.000	0.023	0.260
evm.model.Seg1344.4.1.57f48f76	0.000	0.762	0.000	3.294	0.000	0.171	0.000	0.000	0.000	0.000	0.000	0.000	0.000	0.000	0.000	0.000	0.000	0.000
evm.model.Seg1363.26	0.652	0.426	6.142	1.721	5.295	2.599	0.256	0.789	0.713	0.372	0.000	1.181	1.489	0.000	0.000	0.384	0.000	0.622
evm.model.Seg13687.1	4.300	0.000	16.258	28.570	4.351	3.677	0.895	2.347	4.267	4.603	5.254	5.652	6.642	0.000	0.000	6.538	1.256	2.589
evm.model.Seg1371.7	0.986	0.000	1.306	3.475	0.967	1.291	0.000	0.245	0.241	0.484	0.435	0.566	0.868	0.363	0.000	0.000	0.624	0.000
evm.model.Seg1373.4	19.372	19.294	44.493	49.051	14.078	16.426	0.000	4.971	3.394	9.745	18.785	15.832	9.380	19.413	0.000	3.470	6.648	0.000
evm.model.Seg1389.17.1.57f48f76	0.000	0.000	0.535	2.698	0.193	0.299	0.000	1.088	1.225	1.200	1.063	0.459	0.612	0.000	0.000	0.730	0.193	0.000
evm.model.Seg1407.1	0.000	3.745	13.395	7.271	0.059	0.060	0.844	0.064	0.000	0.037	0.732	0.057	0.124	0.212	0.223	0.000	0.000	0.000
evm.model.Seg1422.12	10.066	2.725	9.324	6.254	1.480	3.677	1.483	1.312	2.610	1.664	1.284	0.976	1.356	0.000	0.000	0.000	2.743	2.155
evm.model.Seg1427.3	3.811	2.505	4.961	11.436	3.919	4.198	0.588	1.451	1.315	1.488	1.836	1.862	2.159	1.206	0.994	0.530	1.032	1.273
evm.model.Seg1436.5	0.520	0.142	0.959	1.915	0.878	1.120	0.051	0.000	0.442	0.307	0.000	0.000	0.000	0.000	0.000	1.023	0.000	0.087
evm.model.Seg1439.10	1.156	0.090	3.474	10.532	1.398	0.949	0.460	1.387	1.305	1.367	1.912	1.419	1.381	1.713	0.284	0.931	1.263	4.874
evm.model.Seg1439.9	0.846	0.245	2.633	6.595	0.535	0.701	0.281	0.960	0.873	0.893	1.105	0.878	0.819	1.048	1.582	1.041	0.763	2.488
evm.model.Seg1440.2	14.591	4.533	92.473	263.482	263.501	28.791	63.895	10.027	4.046	1.646	61.062	62.631	31.836	0.541	3.387	6.300	0.123	1.345
evm.model.Seg1473.4	0.683	0.000	3.717	20.187	3.637	6.037	5.497	0.405	0.251	0.335	1.305	0.804	0.703	0.295	0.324	1.041	0.000	0.101
evm.model.Seg1475.1.1.57f48f76	0.908	0.129	1.334	1.707	1.428	1.633	0.051	0.171	0.281	0.344	0.373	0.082	0.265	0.480	0.000	0.256	0.123	0.000
evm.model.Seg147.7	1.653	1.304	7.128	22.664	4.507	2.309	3.324	5.227	4.287	4.240	3.231	2.855	3.226	2.707	4.705	8.455	3.860	16.373
evm.model.Seg1481.5	0.349	1.240	1.292	3.234	0.290	0.393	0.077	0.000	0.000	0.000	0.276	0.115	0.050	1.028	0.000	0.000	0.000	0.000
evm.model.Seg1482.12	0.536	0.375	1.473	2.424	0.662	2.104	0.000	0.000	0.211	0.223	1.477	0.345	0.819	0.911	0.000	0.822	0.000	0.651
evm.model.Seg1485.1	0.070	0.245	0.278	0.911	0.104	0.077	0.026	0.000	0.010	0.000	0.021	0.000	0.000	0.000	0.000	0.000	0.000	0.000
evm.model.Seg1491.6	2.670	1.020	4.683	5.792	2.499	1.385	0.205	1.557	1.024	1.478	1.098	1.001	1.084	1.268	0.000	0.384	1.233	0.969
evm.model.Seg1493.7	4.719	9.621	122.571	1.922	2.543	8.953	8.489	0.619	0.412	0.335	3.238	2.986	2.771	0.439	2.069	4.858	0.177	0.477
evm.model.Seg1494.4	3.873	4.016	6.802	11.275	2.558	3.386	1.125	1.408	1.536	1.655	2.430	1.419	0.868	1.597	1.399	1.004	1.564	1.302
evm.model.Seg15034.1	0.000	0.077	1.112	0.435	0.045	0.026	0.102	0.096	0.030	0.028	0.642	0.246	0.240	0.000	0.000	0.201	0.000	0.159
evm.model.Seg1508.16	0.955	0.349	9.150	15.333	0.156	0.000	0.026	0.256	0.301	0.372	0.214	0.238	0.033	0.582	0.000	1.406	0.616	3.862
evm.model.Seg1525.12	0.481	0.827	4.398	3.381	2.432	3.318	0.920	0.885	0.653	1.014	1.919	1.879	2.142	2.344	0.000	0.895	0.994	0.477
evm.model.Seg1556.23	1.847	1.111	5.377	13.866	1.681	1.385	0.230	1.525	1.616	1.767	2.043	1.993	2.167	1.000	0.892	0.493	1.733	0.882
evm.model.Seg1563.5	0.101	0.065	8.247	3.729	1.644	0.205	1.278	0.683	0.462	0.530	1.422	1.714	1.671	0.000	1.115	0.000	0.000	0.000
evm.model.Seg1579.2	0.000	0.000	5.308	2.899	0.900	0.111	0.000	0.555	1.335	2.055	5.364	3.938	4.830	0.000	0.000	0.000	0.362	0.000
evm.model.Seg1580.9	0.000	0.413	1.119	0.127	0.126	0.086	0.000	0.000	0.000	0.000	0.000	0.000	0.000	0.000	0.000	0.000	0.000	0.000
evm.model.Seg1584.3	0.000	0.000	0.848	1.466	0.320	0.342	2.634	0.064	0.000	0.000	0.635	0.000	0.000	0.000	0.000	0.000	0.000	0.000
evm.model.Seg1596.1	0.380	0.323	0.959	0.891	0.297	0.180	0.128	0.064	0.080	0.084	0.338	0.271	0.289	0.432	0.101	0.347	0.393	0.058
evm.model.Seg159.7	0.536	0.000	1.348	3.910	3.406	4.053	0.000	1.941	2.118	3.208	1.629	2.805	1.282	0.000	0.000	0.000	0.624	0.926
evm.model.Seg1607.6	5.697	0.000	10.185	18.620	4.760	5.259	1.355	1.675	3.032	2.818	4.853	5.234	3.366	9.162	0.000	0.000	6.510	0.463
evm.model.Seg1616.5.1.57f48f77	2.049	2.802	26.158	47.344	41.906	28.893	41.549	10.390	3.634	2.604	34.773	44.519	28.329	0.000	1.805	3.616	0.362	2.039
evm.model.Seg1628.1	4.727	0.684	13.610	8.885	8.285	11.193	0.000	1.227	2.219	1.823	0.000	2.838	3.565	0.000	1.906	0.694	0.000	0.564
evm.model.Seg1628.2	0.116	0.142	0.271	1.386	0.059	0.034	0.690	0.107	0.050	0.046	0.000	0.090	0.182	0.000	0.000	0.000	0.308	0.391
evm.model.Seg1628.2.1.57f48f77	0.000	0.000	0.132	2.143	0.186	0.077	0.000	0.000	0.000	0.000	0.000	0.000	0.000	0.000	0.000	0.000	0.000	0.000
evm.model.Seg1634.3	0.039	0.000	0.035	2.230	0.000	0.222	0.000	0.000	0.000	0.000	0.000	0.000	0.000	0.000	0.973	0.000	0.000	0.000
evm.model.Seg164.15	10.284	3.551	24.101	50.511	8.820	4.130	0.000	7.104	3.323	3.543	5.813	7.120	9.371	21.209	0.000	0.000	4.692	1.924
evm.model.Seg1641.7	0.248	1.433	262.240	0.944	0.305	0.043	3.017	1.568	1.416	1.702	1.374	1.173	0.778	0.000	4.624	3.598	0.293	1.663
evm.model.Seg1641.8	0.559	0.878	483.134	2.330	1.212	0.043	3.247	0.096	0.301	0.000	0.566	0.796	1.629	0.000	2.109	2.045	0.000	0.694
evm.model.Seg1659.3	2.468	2.880	21.441	3.863	3.555	2.685	3.631	0.800	0.532	0.790	0.394	1.329	0.827	0.000	0.487	2.173	0.300	0.231
evm.model.Seg1663.4	7.195	0.232	4.113	5.169	2.298	3.189	0.000	0.320	0.261	0.753	2.713	1.698	1.654	0.905	0.000	0.475	3.220	0.058
evm.model.Seg1666.13	0.318	0.000	7.156	1.881	0.848	3.113	1.943	0.000	0.000	0.056	1.878	0.533	0.108	0.000	0.000	0.000	0.000	0.000
evm.model.Seg1672.14	1.428	1.201	4.724	14.489	2.224	2.257	2.429	5.109	5.090	6.602	7.483	4.823	5.525	2.851	4.989	5.004	3.690	8.866
evm.model.Seg1678.4	6.620	2.221	15.160	13.210	8.143	9.962	0.665	1.920	2.379	2.241	3.017	4.602	6.344	3.228	0.527	1.771	3.505	0.853
evm.model.Seg16815.1	0.000	0.000	0.855	0.415	0.141	0.000	0.128	0.000	0.000	0.000	0.083	0.098	0.000	0.000	0.000	0.000	0.000	0.000
evm.model.Seg1698.4	0.241	0.310	0.667	0.616	0.216	0.752	0.051	0.000	0.030	0.000	0.207	0.402	0.182	0.000	0.000	0.548	0.108	0.000
evm.model.Seg1702.3	1.560	0.258	4.794	5.423	2.142	2.360	0.205	1.653	1.536	1.776	1.139	1.148	1.216	0.555	0.000	0.986	0.716	0.709
evm.model.Seg1707.5	11.487	9.970	25.449	24.439	2.848	6.550	0.639	0.000	0.000	2.204	8.968	2.182	5.666	0.000	2.941	0.000	7.334	0.000
evm.model.Seg1707.6	13.784	11.830	35.600	44.880	7.236	8.893	8.949	13.451	13.022	10.935	7.035	5.554	6.485	6.791	5.536	10.008	4.730	6.827
evm.model.Seg1709.2	7.047	1.240	10.665	8.738	11.869	5.968	0.307	1.600	2.460	2.334	4.453	4.282	4.227	3.563	0.000	1.717	2.442	0.333
evm.model.Seg1721.1.2.57f48f77	0.380	0.284	1.695	1.473	2.543	3.779	0.153	1.077	1.426	1.702	1.464	2.953	3.267	0.672	0.000	0.000	1.849	0.000
evm.model.Seg1723.3	2.328	7.297	34.773	8.711	2.618	7.020	4.960	4.203	3.444	3.162	5.267	5.997	5.914	10.395	3.407	4.182	6.071	1.577
evm.model.Seg1731.8	1.102	0.000	3.265	1.493	0.855	0.171	0.000	0.555	0.763	0.549	0.407	0.049	0.157	0.000	0.000	2.319	0.000	0.000
evm.model.Seg1733.3.1.57f48f77	0.000	0.568	1.925	0.763	0.387	0.718	0.332	0.000	0.000	0.186	0.000	0.000	0.877	0.000	0.162	0.000	0.000	0.014
evm.model.Seg1738.7	55.834	36.418	321.990	607.336	472.013	274.978	1018.259	140.760	98.322	87.045	87.303	134.680	107.850	62.002	25.350	44.085	20.977	181.663
evm.model.Seg1745.1	0.047	0.000	2.334	0.161	0.134	0.145	0.000	0.000	0.000	0.065	0.000	0.000	0.017	0.000	0.000	0.000	0.000	0.072
evm.model.Seg1754.3	0.000	0.000	1.466	3.087	0.825	0.222	0.000	0.235	0.341	0.549	0.704	0.566	1.216	2.063	0.000	0.000	0.000	0.000
evm.model.Seg176.3	1.715	2.002	7.865	24.157	1.718	2.027	1.432	2.517	2.339	2.594	4.474	3.060	2.572	2.227	3.955	3.616	2.558	10.226
evm.model.Seg1764.4	1.878	0.904	6.718	13.197	5.436	3.720	0.000	2.101	2.028	2.055	2.437	2.157	1.456	0.226	0.831	2.118	2.119	4.816
evm.model.Seg1767.5.3.57f48f78	0.000	0.168	0.174	0.690	0.082	0.051	0.000	0.000	0.000	0.056	0.290	0.139	0.132	0.000	0.243	0.000	0.000	0.000
evm.model.Seg1774.7	0.652	0.052	8.962	0.495	0.944	2.044	0.435	0.043	0.020	0.074	0.469	0.082	0.141	0.158	0.142	0.000	0.000	0.000
evm.model.Seg1777.6	1.669	0.000	1.508	1.701	0.000	5.524	0.102	0.245	0.663	0.344	0.000	0.000	0.000	0.000	0.000	0.000	1.194	0.000
evm.model.Seg1778.1	22.608	0.891	54.963	40.822	19.551	24.780	6.724	9.365	10.592	10.517	14.567	12.625	8.941	4.276	0.000	0.000	2.927	1.012
evm.model.Seg1781.6	0.085	0.000	2.251	6.314	21.061	3.121	12.759	1.909	1.647	3.580	22.223	19.876	8.867	0.000	0.629	1.516	0.000	0.304
evm.model.Seg1785.2	1.739	0.659	2.355	3.140	2.119	2.044	0.000	0.331	0.351	0.260	0.207	1.107	1.125	0.103	0.000	0.219	0.039	0.043
evm.model.Seg1796.13	1.071	1.511	1.702	2.129	3.287	2.582	0.332	0.256	0.301	0.456	1.401	1.928	2.093	0.733	0.122	1.424	0.578	1.432
evm.model.Seg1797.5	0.466	0.155	1.494	1.480	1.346	1.248	0.384	0.267	0.361	0.335	1.429	1.255	1.216	0.651	0.000	0.384	0.847	0.260
evm.model.Seg180.2	2.980	0.762	6.857	7.271	4.670	6.396	0.793	0.949	1.145	1.981	2.982	2.986	2.978	5.297	0.000	2.319	4.183	0.593
evm.model.Seg18.2	1.863	1.834	13.152	10.184	0.535	0.128	0.051	0.363	0.472	0.205	0.566	0.443	0.331	0.192	0.000	0.000	0.069	0.550
evm.model.Seg1826.8	0.000	0.000	7.622	9.909	12.583	8.816	0.000	4.736	5.582	6.518	10.162	7.038	5.302	0.000	1.095	3.159	3.775	0.926
evm.model.Seg1831.4	0.660	1.020	207.895	0.964	1.049	1.009	3.273	1.205	1.114	1.060	1.388	1.181	1.067	2.535	0.811	1.863	1.479	0.795
evm.model.Seg1842.2	0.225	0.000	0.424	0.395	0.312	0.248	0.256	0.021	0.070	0.084	0.000	0.000	0.000	0.445	0.000	0.000	0.000	0.000
evm.model.Seg1854.6	4.106	1.304	8.386	1.212	8.277	4.600	1.227	1.941	1.275	1.041	0.428	0.558	0.720	2.316	0.183	0.329	0.724	2.112
evm.model.Seg1858.3	1.529	2.622	31.216	18.593	1.391	1.941	11.429	2.827	2.430	2.046	1.664	1.698	1.845	3.913	12.067	5.533	2.712	7.608
evm.model.Seg1865.3	4.432	1.291	9.289	9.916	8.835	4.823	0.000	1.013	1.004	2.027	6.572	5.972	5.583	4.461	0.000	0.000	2.180	0.347
evm.model.Seg1865.4	0.667	0.297	1.417	1.440	0.692	1.419	0.205	0.213	0.321	0.335	1.284	1.116	1.158	0.473	0.284	1.479	0.262	0.217
evm.model.Seg1868.3	1.692	0.400	5.086	4.232	0.982	0.154	0.000	1.675	2.651	1.953	0.511	1.034	0.943	0.000	0.000	0.000	0.200	0.000
evm.model.Seg1874.1	0.000	0.000	1.403	1.527	0.394	0.462	0.000	0.000	0.000	0.000	0.000	0.468	0.000	0.000	0.000	0.000	0.139	0.000
evm.model.Seg1874.1.2.57f48f78	0.000	0.000	0.215	0.127	0.007	0.060	0.000	0.000	0.000	0.000	0.000	0.123	0.000	0.000	0.000	0.000	0.023	0.000
evm.model.Seg1875.5	2.181	1.537	16.883	31.743	4.008	2.642	0.000	1.472	2.821	0.000	0.000	0.894	1.241	0.000	0.000	0.000	0.000	1.316
evm.model.Seg1896.6	0.714	1.162	1.813	2.236	2.469	1.599	0.000	0.576	0.000	0.679	0.483	1.017	1.439	0.000	0.000	0.000	0.439	0.000
evm.model.Seg1899.1	0.869	0.581	0.604	0.924	1.465	1.454	0.051	0.000	0.100	0.000	0.752	0.533	0.629	0.610	0.000	0.000	1.240	0.000
evm.model.Seg190.18	5.029	1.175	26.825	70.751	12.762	10.689	0.793	2.752	2.139	3.822	6.351	5.873	4.557	3.324	0.527	0.968	5.531	3.573
evm.model.Seg190.20	3.027	3.099	13.103	33.344	3.971	4.455	2.991	4.747	3.885	3.896	4.529	4.733	4.417	3.604	4.421	4.620	5.316	11.542
evm.model.Seg1903.6	0.504	0.710	1.779	5.825	0.238	0.094	0.537	0.320	0.371	0.586	0.960	0.615	0.703	0.000	1.521	0.511	0.639	1.389
evm.model.Seg1905.5	1.040	0.000	2.626	3.000	5.935	3.891	0.000	0.000	0.000	0.000	0.000	2.313	1.390	0.000	0.183	0.000	1.071	0.000
evm.model.Seg1910.5	3.027	0.839	8.337	0.803	3.867	4.284	0.384	1.707	1.456	1.730	0.414	0.427	0.438	2.261	0.162	0.000	2.203	0.405
evm.model.Seg1911.6	3.756	3.396	6.600	10.679	4.812	4.925	0.486	0.885	0.612	2.222	6.034	6.522	6.063	4.091	0.994	0.000	3.174	0.159
evm.model.Seg1922.3	1.304	1.059	6.051	2.966	1.123	1.018	0.000	0.000	0.000	0.000	0.000	0.000	0.000	0.000	0.000	0.000	1.379	0.000
evm.model.Seg1936.3	2.522	4.572	6.899	6.649	3.213	4.900	8.156	2.528	2.600	2.855	3.272	2.650	2.101	0.226	2.941	5.168	0.077	0.231
evm.model.Seg1946.3	1.451	0.000	5.009	4.586	0.000	0.000	0.000	0.000	0.000	0.000	0.000	0.000	0.000	0.000	0.000	0.000	0.000	0.000
evm.model.Seg1946.4	0.784	0.000	1.744	3.214	0.015	0.000	0.000	0.000	0.000	0.000	0.055	0.000	0.000	0.514	0.000	0.000	0.462	0.000
evm.model.Seg1947.1	30.998	45.742	266.033	280.475	49.180	56.316	122.396	16.630	13.916	13.939	27.877	27.948	22.382	11.368	21.740	21.823	5.031	10.775
evm.model.Seg1947.1.1.57f48f78	14.467	20.947	132.040	164.314	82.058	33.203	38.685	10.379	6.968	7.002	20.290	27.809	27.345	1.076	7.382	16.126	0.570	12.468
evm.model.Seg1961.5	0.365	0.052	0.382	0.850	0.245	0.770	1.176	0.000	0.020	0.000	0.338	0.427	0.529	0.726	0.000	0.000	0.000	0.275
evm.model.Seg1961.7	10.804	25.880	95.134	192.027	12.776	15.109	27.588	11.488	11.707	5.784	4.066	5.463	5.244	4.173	6.449	7.652	4.368	7.998
evm.model.Seg1965.3	0.699	1.421	10.727	1.902	1.435	0.265	2.173	0.320	0.231	0.409	0.642	1.477	1.555	3.276	0.000	0.530	0.100	0.000
evm.model.Seg1974.3.1.57f48f78	1.180	1.382	5.503	9.079	0.997	0.676	1.432	0.000	0.070	0.000	0.000	0.180	0.141	0.233	0.771	0.000	0.401	0.579
evm.model.Seg1977.6	66.568	43.792	70.109	95.498	20.801	19.505	25.236	20.000	21.054	20.336	16.969	16.579	15.352	28.603	20.037	21.403	23.242	46.414
evm.model.Seg1980.5	5.192	4.107	182.870	2.404	1.160	1.018	1.381	0.885	1.145	0.976	1.091	1.025	1.241	0.637	1.318	1.351	0.231	1.678
evm.model.Seg1980.8	0.132	0.207	18.279	0.522	0.543	0.641	0.281	1.269	1.396	0.651	0.000	0.435	0.505	0.514	0.000	0.000	0.300	0.145
evm.model.Seg1999.1	0.652	0.814	2.202	4.305	1.383	3.446	0.000	0.459	0.713	1.060	0.394	0.541	0.339	0.082	0.041	0.000	0.046	0.029
evm.model.Seg2009.2	0.652	0.000	2.730	4.098	3.421	2.223	0.639	3.104	2.359	2.213	2.775	3.708	3.275	0.000	0.000	0.000	3.074	0.000
evm.model.Seg20102.1	7.202	5.489	13.096	19.859	10.002	9.560	4.807	3.371	3.775	4.315	4.425	3.175	1.969	7.648	2.474	3.433	12.180	4.108
evm.model.Seg2022.8	7.847	2.480	9.657	14.777	13.275	13.433	1.457	2.379	2.600	3.059	5.454	7.063	7.758	11.684	0.548	1.315	9.383	0.795
evm.model.Seg2023.5	0.334	0.000	1.403	1.480	1.294	0.941	0.077	0.181	0.090	0.000	0.297	0.697	1.026	0.788	0.000	0.420	0.247	0.000
evm.model.Seg2051.8.2.57f48f78	1.513	2.040	5.433	2.471	3.971	0.641	0.000	0.736	0.884	1.153	0.000	0.328	0.298	1.521	0.000	0.000	2.003	0.000
evm.model.Seg2052.5	22.282	24.447	106.056	310.163	19.038	26.037	17.105	32.481	29.437	28.789	37.776	33.395	30.190	31.673	37.539	33.785	29.343	85.798
evm.model.Seg2054.2	0.000	0.000	0.014	1.265	1.242	1.744	0.384	0.000	0.030	0.046	1.111	0.714	0.496	1.000	0.000	0.219	0.085	0.000
evm.model.Seg2062.1	1.087	0.000	17.925	1.460	2.350	0.684	0.358	0.395	0.392	0.000	0.739	0.582	0.744	0.000	0.000	1.479	0.000	0.000
evm.model.Seg2062.1.1.57f48f79	0.466	0.555	4.877	0.000	0.000	0.000	0.000	0.075	0.000	0.567	0.000	0.000	0.000	0.747	0.203	0.000	0.000	0.246
evm.model.Seg2079.4	3.112	0.684	7.107	17.576	1.316	2.086	1.253	2.421	2.671	2.632	2.389	2.666	2.862	1.213	0.994	1.625	2.696	7.044
evm.model.Seg2080.1	0.000	0.000	2.598	1.359	0.513	0.111	2.148	0.000	0.000	0.205	0.318	1.616	0.571	0.000	0.000	0.000	0.000	0.000
evm.model.Seg2085.5	3.097	4.107	10.811	11.891	3.071	4.002	11.097	3.061	2.902	2.399	1.118	2.321	3.292	3.001	3.022	1.771	1.556	1.475
evm.model.Seg2101.9	0.000	0.000	1.244	1.172	1.309	1.898	0.000	0.448	0.131	0.112	0.752	0.574	0.935	1.597	0.000	0.000	0.478	0.405
evm.model.Seg2127.2	26.256	18.364	142.545	411.640	553.097	390.714	546.114	108.983	37.630	27.329	44.714	61.893	50.993	5.688	75.990	74.510	1.340	5.540
evm.model.Seg2131.2	0.815	1.304	3.613	7.365	4.432	4.070	0.000	0.181	0.171	0.874	2.306	2.297	1.489	0.795	0.000	0.000	0.339	0.839
evm.model.Seg2134.6	1.389	1.304	3.432	4.439	2.015	2.189	0.179	0.896	0.753	0.846	1.353	1.337	1.505	1.932	0.385	0.000	1.926	0.868
evm.model.Seg2136.5	0.543	0.129	1.535	4.379	0.848	1.975	0.000	0.149	0.000	0.000	2.140	2.346	1.224	1.583	0.000	0.000	1.903	0.000
evm.model.Seg2136.5.3.57f48f79	0.000	0.000	0.660	0.275	0.268	0.180	0.230	0.000	0.100	0.093	0.311	0.295	0.372	0.720	0.000	0.000	0.262	0.000
evm.model.Seg2184.2.1.57f48f79	0.714	0.000	2.015	1.955	2.536	1.924	0.230	0.779	0.000	0.381	0.649	0.804	0.778	0.000	0.000	0.000	0.000	0.000
evm.model.Seg2204.6.1.57f48f79	1.878	0.323	3.488	7.740	0.729	1.539	0.460	1.291	1.335	0.986	1.367	1.288	0.794	2.686	1.115	0.000	2.719	4.672
evm.model.Seg2213.6	0.303	0.220	0.709	0.931	0.030	0.000	0.179	0.075	0.100	0.037	0.124	0.041	0.033	0.000	0.000	0.621	0.000	0.000
evm.model.Seg2218.5	0.062	0.232	0.229	0.482	0.104	0.120	0.000	0.000	0.070	0.093	0.000	0.033	0.000	0.158	0.162	0.000	0.185	0.000
evm.model.Seg2241.3.1.57f48f79	1.428	0.207	2.105	5.289	2.900	1.599	0.000	0.341	0.663	0.223	0.117	0.328	0.397	0.000	0.568	0.000	1.579	1.172
evm.model.Seg2267.2	5.673	2.531	13.041	17.455	3.949	2.565	0.537	4.619	4.508	4.445	3.507	3.322	3.317	3.570	0.649	1.644	2.881	2.922
evm.model.Seg229.16.1.57f48f79	0.000	0.000	1.480	4.031	1.130	0.154	0.000	0.267	0.191	0.000	0.449	0.984	0.000	0.000	0.000	0.000	0.886	0.000
evm.model.Seg2298.10.1.57f48f79	1.242	0.245	1.299	1.292	0.275	0.513	0.000	0.000	0.100	0.195	0.000	0.000	0.000	0.000	0.000	0.000	0.609	0.000
evm.model.Seg230.16	3.376	0.878	4.717	4.794	0.840	1.907	0.000	0.000	0.000	0.000	0.000	0.000	0.000	0.000	0.000	0.000	0.000	2.444
evm.model.Seg2316.2	1.250	0.194	5.044	10.525	3.607	1.975	0.281	1.280	1.506	1.460	1.263	1.296	1.348	1.048	0.324	0.840	0.909	3.225
evm.model.Seg2348.3	4.680	1.511	8.962	5.115	3.004	4.532	0.358	1.429	1.094	2.018	1.898	2.051	2.382	0.747	0.000	1.625	1.687	0.000
evm.model.Seg236.9.1.57f48f79	0.000	3.848	4.898	6.796	10.069	3.036	0.000	2.144	3.614	2.111	0.000	2.223	2.026	5.400	0.000	0.000	0.000	0.000
evm.model.Seg236.9.2.57f48f79	0.000	0.000	0.813	0.000	0.037	0.368	0.000	0.000	0.000	0.000	0.000	0.263	0.000	0.000	0.000	0.000	0.000	0.000
evm.model.Seg2412.6.3.57f48f79	0.931	4.055	16.994	7.773	2.804	1.402	21.273	3.509	3.805	4.296	2.223	2.535	3.325	1.514	0.000	0.000	0.000	0.000
evm.model.Seg2412.6.4.57f48f79	0.838	0.452	1.716	1.152	0.134	0.958	0.000	0.160	0.141	0.232	0.387	0.156	0.149	0.000	0.000	0.000	0.000	0.000
evm.model.Seg2445.3	0.248	0.245	3.543	2.276	2.000	0.282	6.955	3.755	2.179	2.762	1.263	0.919	1.100	0.000	0.669	0.000	0.000	0.159
evm.model.Seg246.10	0.830	0.465	4.745	10.847	2.291	1.727	3.068	2.229	1.647	2.129	1.063	1.739	1.704	6.208	1.866	1.260	2.319	4.975
evm.model.Seg2488.2	5.712	4.352	6.711	10.331	2.298	2.463	0.793	3.275	3.062	2.194	1.609	1.099	0.844	0.206	0.710	1.662	0.401	3.196
evm.model.Seg2497.5	19.745	12.992	76.633	200.336	9.184	16.777	0.818	7.488	8.363	8.453	13.282	4.635	3.565	3.769	2.069	1.114	4.946	2.126
evm.model.Seg2500.5.2.57f48f79	1.381	0.297	2.133	1.098	4.120	1.360	0.000	0.149	0.271	1.553	0.525	0.755	1.232	0.000	0.000	0.000	2.234	0.000
evm.model.Seg2502.4	3.811	0.491	11.332	9.380	7.652	3.369	0.230	3.477	3.383	3.431	1.429	1.583	1.737	2.357	0.385	0.785	2.827	2.864
evm.model.Seg2519.2	0.450	0.090	2.244	6.274	0.892	0.727	0.128	0.000	0.000	0.000	0.000	0.451	0.819	0.000	0.000	0.000	0.239	0.463
evm.model.Seg2544.4	1.700	0.336	3.321	3.770	0.870	0.787	0.026	0.085	0.301	0.270	0.035	0.082	0.190	0.089	0.000	0.000	0.031	0.477
evm.model.Seg2544.4.10.57f48f79	0.675	0.000	0.792	1.178	0.260	0.701	0.051	0.043	0.141	0.112	0.131	0.221	0.323	0.363	0.000	0.000	0.593	0.550
evm.model.Seg2544.4.12.57f48f79	0.520	0.000	1.334	1.587	0.216	0.282	0.000	0.043	0.141	0.130	0.035	0.090	0.132	0.260	0.000	0.000	0.092	0.304
evm.model.Seg2544.4.14.57f48f79	0.621	0.000	2.001	4.426	0.654	0.265	0.051	0.192	0.382	0.232	0.035	0.230	0.232	0.562	0.000	0.000	0.154	0.101
evm.model.Seg2544.4.1.57f48f79	2.010	1.433	4.905	10.137	2.573	0.744	0.102	0.352	0.803	0.493	0.035	0.197	0.331	0.206	0.000	0.000	0.046	0.159
evm.model.Seg2544.4.9.57f48f79	0.815	0.000	1.202	3.361	0.818	0.667	0.256	0.181	0.402	0.214	0.138	0.533	0.571	0.802	0.000	0.000	1.009	0.188
evm.model.Seg2556.4	0.939	0.555	2.008	2.350	0.892	1.171	0.358	0.096	0.211	0.056	0.545	0.115	0.132	0.000	0.000	0.530	0.131	0.000
evm.model.Seg2558.1.1.57f48f79	7.753	0.930	6.837	4.981	14.041	14.836	1.483	1.312	1.185	0.967	7.228	6.210	3.317	6.167	0.000	0.000	11.332	1.721
evm.model.Seg2616.5.2.57f48f79	0.846	0.000	0.632	1.647	0.112	0.274	0.000	0.107	0.000	0.093	0.000	0.254	0.372	1.048	0.000	0.000	0.000	0.000
evm.model.Seg2638.2	7.179	4.791	21.107	29.969	3.815	5.361	5.293	7.541	6.606	7.011	5.709	5.496	5.352	7.140	16.833	13.678	9.368	25.036
evm.model.Seg2645.5	1.048	1.795	18.140	6.321	0.528	1.308	3.580	1.205	1.536	1.711	0.822	1.805	3.036	2.556	3.367	0.457	0.347	0.723
evm.model.Seg2645.6	2.383	12.617	52.566	18.567	4.908	4.977	9.844	2.165	5.914	5.523	2.182	4.028	9.818	12.191	4.462	0.000	2.781	4.296
evm.model.Seg2652.2	0.683	0.646	1.758	1.982	1.235	0.804	0.409	0.277	0.271	0.307	0.614	0.468	0.314	0.418	0.264	0.475	1.302	0.839
evm.model.Seg265.4	19.970	1.304	17.501	11.550	3.057	2.694	0.844	2.421	2.781	3.896	3.300	1.887	2.076	1.302	0.203	0.822	3.567	2.097
evm.model.Seg2667.1	41.748	14.090	115.449	59.423	36.143	43.712	25.083	40.267	27.158	37.520	13.855	21.295	16.650	6.188	25.452	17.934	20.646	45.806
evm.model.Seg2667.3	0.714	0.142	1.264	1.627	0.461	0.975	0.000	0.171	0.110	0.074	0.117	0.033	0.157	0.000	0.000	0.000	0.555	0.087
evm.model.Seg2672.3	9.639	2.053	18.835	16.926	17.767	22.976	1.483	6.752	5.572	4.873	5.889	3.905	2.945	1.782	0.913	0.000	7.812	0.448
evm.model.Seg2675.2	0.745	1.253	2.390	6.957	0.714	0.667	0.128	0.139	0.120	0.056	1.754	0.057	0.554	0.500	0.000	0.000	0.000	0.000
evm.model.Seg2718.1	2.421	1.046	5.753	5.557	4.410	5.866	0.665	0.885	1.084	1.227	2.306	2.830	2.531	3.913	0.000	1.498	4.784	0.795
evm.model.Seg2722.3	5.650	0.646	5.801	11.456	2.543	5.259	0.000	0.000	0.000	0.000	0.000	0.000	0.000	0.000	0.000	0.000	6.240	0.000
evm.model.Seg2792.1.3.57f48f7a	0.000	0.000	0.000	3.676	5.868	5.900	0.153	1.269	1.094	0.809	1.864	0.689	1.133	0.000	0.000	0.950	0.670	0.000
evm.model.Seg2792.1.4.57f48f7a	0.054	1.279	3.099	2.618	4.886	3.985	0.000	1.280	1.787	2.027	0.766	0.205	0.926	0.000	0.000	0.000	0.000	0.174
evm.model.Seg2815.2	1.607	0.646	2.640	2.437	3.577	3.318	0.639	0.523	0.502	0.530	1.636	1.198	1.406	1.747	1.379	1.498	1.541	0.868
evm.model.Seg2838.1	0.823	0.517	3.085	0.596	2.365	1.881	0.000	1.237	0.743	0.586	0.152	0.131	0.149	0.541	0.000	0.548	0.370	0.882
evm.model.Seg2858.1	1.211	0.323	3.126	3.227	1.101	0.864	0.026	0.341	0.492	0.391	0.456	0.345	0.422	0.329	0.000	0.146	0.362	0.087
evm.model.Seg287.9.2.57f48f7a	13.419	0.000	26.227	1.453	6.931	5.609	0.000	0.000	0.000	0.000	0.000	0.000	0.000	2.885	0.000	0.000	7.226	0.000
evm.model.Seg2885.4.1.57f48f7a	0.000	0.000	7.142	5.772	0.558	0.547	0.000	0.405	0.311	0.846	0.000	0.558	0.256	1.398	0.000	0.000	1.441	0.955
evm.model.Seg2904.1	15.779	2.531	28.541	55.271	15.617	12.194	0.230	3.701	3.805	3.571	10.335	9.360	8.569	6.469	1.034	0.274	6.463	0.217
evm.model.Seg2904.3	52.714	16.233	95.364	166.383	33.473	31.279	3.554	15.862	14.739	12.470	31.605	33.649	29.421	31.022	3.590	13.112	30.745	5.178
evm.model.Seg29.1.7.57f48f7a	0.109	0.000	0.076	0.275	0.052	0.086	0.000	0.011	0.000	0.037	0.000	0.000	0.000	0.000	0.000	0.000	0.000	0.000
evm.model.Seg292.10	5.992	9.867	2.515	27.445	1.941	3.788	0.000	0.000	0.000	0.716	3.659	1.501	2.051	0.000	0.000	0.000	2.334	0.000
evm.model.Seg2928.3	1.614	0.245	5.711	9.340	4.023	2.745	0.384	1.589	1.305	1.227	2.016	1.518	1.505	1.912	0.385	1.041	1.548	2.444
evm.model.Seg2948.2	3.795	1.743	15.820	33.170	2.752	3.814	3.707	6.197	6.104	6.658	2.927	5.012	3.466	2.165	10.667	5.424	2.411	10.168
evm.model.Seg298.17.1.57f48f7a	0.000	1.563	0.980	6.441	0.439	0.658	0.000	0.000	0.000	0.000	0.000	0.000	0.000	0.000	0.000	0.000	0.000	0.000
evm.model.Seg2998.4	5.293	3.590	4.592	2.571	5.964	5.002	2.531	0.000	0.000	0.000	0.849	4.512	4.607	0.000	0.000	0.000	0.000	3.052
evm.model.Seg3000.3	12.014	1.627	30.320	43.822	7.221	0.838	0.256	9.301	7.008	7.420	6.054	5.611	6.278	2.426	1.014	1.753	1.055	1.548
evm.model.Seg3007.1	7.319	0.000	18.300	2.892	8.151	11.202	0.000	0.000	0.000	0.000	0.000	0.148	10.033	0.000	0.000	0.000	0.000	5.438
evm.model.Seg3008.2	2.049	0.659	4.599	4.714	2.082	4.395	0.051	0.256	0.211	1.469	5.012	1.239	0.149	3.221	0.000	0.000	2.034	0.087
evm.model.Seg3020.1.1.57f48f7a	1.094	0.000	1.299	3.616	1.725	1.864	0.000	0.224	0.000	0.000	0.421	2.994	0.918	0.000	0.000	0.000	0.639	0.000
evm.model.Seg3051.3	1.040	0.232	1.931	2.290	1.264	1.342	0.716	1.291	0.843	0.670	0.138	1.075	1.266	0.000	0.122	0.000	0.000	0.000
evm.model.Seg3065.3	0.000	0.000	0.306	3.950	0.513	1.633	0.000	0.000	0.000	0.000	0.000	0.919	1.456	0.000	0.000	0.000	0.709	0.000
evm.model.Seg3076.3	0.830	0.310	1.271	1.647	1.517	1.137	0.307	0.288	0.211	0.363	0.718	0.705	0.902	0.617	0.000	0.329	1.579	0.477
evm.model.Seg308.4	3.694	9.518	20.662	35.339	7.719	5.207	2.173	4.000	4.458	3.831	7.235	9.138	11.199	2.885	3.813	3.652	4.260	3.052
evm.model.Seg3.12	3.174	0.904	11.346	8.015	8.277	6.499	0.409	1.717	1.687	2.315	3.894	5.225	5.806	7.113	0.750	2.703	5.554	1.316
evm.model.Seg312.2	0.000	0.000	6.816	19.029	0.654	2.018	6.903	0.000	0.492	0.511	0.000	0.673	1.009	0.000	0.000	0.000	0.000	0.000
evm.model.Seg312.3	0.186	0.000	9.755	30.190	1.480	2.360	2.148	0.448	0.853	0.158	0.000	0.156	0.000	0.000	0.000	0.000	0.000	0.000
evm.model.Seg3129.2	0.140	0.478	2.459	0.877	0.067	0.103	0.332	0.000	0.131	0.046	0.711	0.172	0.157	0.000	0.000	0.000	0.000	0.000
evm.model.Seg314.7	17.587	5.372	23.066	23.294	11.713	35.135	8.207	2.848	5.552	5.719	15.595	13.560	7.957	10.697	2.352	7.634	16.116	6.798
evm.model.Seg3156.3	0.334	0.000	9.463	0.000	0.625	0.770	0.000	0.043	0.000	0.000	0.000	0.197	0.000	0.000	0.000	0.000	0.000	1.157
evm.model.Seg3157.1	0.699	0.633	3.780	3.662	1.101	0.992	0.281	0.363	0.402	0.614	0.732	0.829	1.183	0.596	0.000	1.059	0.408	0.419
evm.model.Seg3209.1	6.651	1.291	13.242	23.548	5.050	3.968	0.230	2.603	2.811	1.981	2.133	4.717	7.560	5.489	0.000	0.000	4.276	0.680
evm.model.Seg3209.3	14.987	0.555	25.338	55.626	7.087	11.672	0.000	2.005	3.655	2.529	7.704	7.703	10.008	8.066	0.000	2.392	7.365	0.000
evm.model.Seg3222.3	4.470	3.306	372.152	167.729	45.677	12.339	75.273	52.108	17.791	15.371	16.230	15.742	24.905	0.000	6.632	0.000	0.963	0.000
evm.model.Seg328.1.1.57f48f7a	0.970	0.000	2.168	5.162	0.721	0.701	0.537	0.149	0.040	0.270	1.312	1.214	1.166	2.570	0.000	0.000	1.079	0.333
evm.model.Seg3365.2	3.912	0.129	6.447	0.857	5.473	5.567	0.256	1.451	1.626	0.948	0.297	0.402	0.248	1.412	0.000	0.000	1.587	0.405
evm.model.Seg338.1	4.362	0.271	9.213	0.864	4.499	4.626	0.205	2.347	1.285	0.986	0.297	0.738	0.811	2.618	0.527	0.000	0.624	0.607
evm.model.Seg338.1.1.57f48f7a	2.259	0.000	11.262	0.295	0.915	0.000	0.000	0.000	0.000	0.000	0.000	0.000	0.000	0.000	0.000	0.000	0.000	0.000
evm.model.Seg338.3	4.998	2.725	7.073	7.961	6.552	3.275	2.276	0.405	0.000	0.000	2.195	3.560	7.337	0.000	0.000	1.114	0.000	5.612
evm.model.Seg339.10	4.890	3.371	13.930	16.518	4.789	8.029	7.645	2.944	2.711	2.455	3.866	6.833	7.659	5.462	4.320	3.744	2.434	1.504
evm.model.Seg3393.1	0.287	0.517	1.369	1.044	0.335	0.299	0.000	0.032	0.141	0.028	0.000	0.156	0.116	0.000	0.000	0.000	0.000	0.000
evm.model.Seg3435.2	7.195	1.743	13.166	20.689	3.079	2.155	0.920	3.371	3.444	4.361	3.804	3.429	3.524	1.268	1.460	3.652	1.001	2.647
evm.model.Seg351.12	0.877	0.930	0.653	2.404	1.532	1.633	0.000	0.160	0.141	0.158	1.871	0.000	0.000	1.487	0.000	0.000	0.000	0.000
evm.model.Seg3525.1.3.57f48f7a	0.000	0.000	1.258	0.556	0.357	0.556	0.895	0.032	0.000	0.000	0.110	0.279	0.298	0.274	0.000	0.000	0.000	0.000
evm.model.Seg3531.4	0.000	0.077	7.073	31.917	52.258	23.797	12.631	4.971	2.721	1.916	3.866	8.695	4.781	0.000	0.000	1.278	0.000	0.000
evm.model.Seg3552.1	30.509	67.206	170.649	139.394	28.014	29.791	52.211	53.078	50.220	54.583	28.194	26.586	29.049	33.544	28.656	35.155	19.459	30.721
evm.model.Seg355.3_evm.model.Seg355.4	3.904	0.801	12.749	12.554	4.551	7.627	1.048	1.525	1.797	1.609	1.367	1.239	1.828	0.343	0.000	0.110	0.508	0.202
evm.model.Seg355.5.1.57f48f7b	4.789	0.000	5.051	8.075	4.098	6.216	0.000	0.640	2.309	0.000	4.266	3.429	2.738	3.988	0.000	0.000	0.000	0.000
evm.model.Seg3606.3	1.203	1.563	1.667	7.392	1.361	0.975	0.051	0.075	0.090	0.037	0.587	0.213	0.273	0.644	0.426	0.000	0.085	0.405
evm.model.Seg362.8	5.278	1.485	142.927	2.384	1.934	1.659	0.869	1.867	2.139	2.734	4.425	6.981	4.367	0.240	0.000	0.000	0.085	0.000
evm.model.Seg36.3	1.110	0.284	3.898	6.796	3.800	2.702	0.384	0.789	0.643	0.809	1.353	1.050	0.802	2.789	0.000	0.000	0.886	0.145
evm.model.Seg3632.5	0.419	0.542	3.161	3.790	0.915	2.428	0.000	0.555	0.432	0.456	0.718	1.181	0.918	0.706	1.602	0.000	0.724	0.246
evm.model.Seg3651.2	16.337	9.001	23.004	13.304	5.421	5.165	0.716	3.723	3.665	4.342	4.936	5.045	5.252	4.358	0.649	0.858	6.756	1.577
evm.model.Seg3662.4	0.442	0.220	25.567	12.293	18.904	0.804	7.313	5.952	2.912	2.976	1.961	2.428	3.110	0.000	0.000	0.000	0.000	0.260
evm.model.Seg3706.1	1.436	0.478	4.266	5.698	1.361	0.941	0.435	0.491	0.432	0.493	0.842	0.837	0.753	1.268	0.000	0.237	0.878	0.087
evm.model.Seg3719.2	2.996	1.537	10.554	9.287	2.930	4.027	0.256	1.291	2.058	3.003	6.565	6.841	7.097	1.350	0.000	0.000	1.780	0.231
evm.model.Seg3722.2	0.396	0.142	1.779	3.850	0.231	0.154	0.511	0.149	0.261	0.279	0.483	0.107	0.248	0.672	0.000	1.205	0.000	0.000
evm.model.Seg3760.1	3.741	1.433	9.567	4.191	5.399	3.933	0.716	0.747	1.054	1.227	3.355	4.405	4.392	2.618	1.318	2.155	1.864	0.550
evm.model.Seg3775.4	10.066	4.404	25.324	37.227	6.001	5.319	2.966	10.208	9.970	10.294	6.786	5.923	6.534	8.710	11.823	9.533	6.772	21.290
evm.model.Seg3779.1	0.373	0.000	0.313	0.603	0.112	0.222	0.000	0.000	0.000	0.000	0.104	0.000	0.033	0.000	0.000	0.000	0.000	0.101
evm.model.Seg378.15.1.57f48f7b	1.607	0.672	5.461	14.697	2.149	1.958	0.537	2.240	1.857	2.297	1.208	1.526	1.935	2.995	0.284	2.137	2.327	4.816
evm.model.Seg378.18	0.559	0.943	1.695	3.180	0.647	0.513	0.563	0.117	0.472	0.279	0.545	0.254	0.157	0.761	0.000	0.000	0.262	0.000
evm.model.Seg3811.5	0.000	0.555	19.572	15.915	5.459	1.419	1.483	0.416	0.281	0.084	0.808	1.665	0.505	0.000	0.000	0.128	0.000	0.145
evm.model.Seg382.1	0.000	0.077	2.578	0.308	0.067	0.094	0.000	0.000	0.000	0.000	0.069	0.000	0.000	0.000	0.000	0.000	0.000	0.000
evm.model.Seg382.4	0.318	0.077	1.007	8.068	8.463	8.106	0.486	5.824	6.145	5.496	4.232	3.011	2.506	1.206	0.142	0.329	1.410	0.448
evm.model.Seg3863.2	35.337	7.891	30.375	35.178	11.624	16.794	5.983	10.059	11.104	8.564	6.462	4.028	4.309	5.653	3.468	2.520	5.631	10.602
evm.model.Seg3864.1	0.427	0.491	2.459	1.065	0.632	0.958	0.077	0.085	0.281	0.112	1.001	0.968	0.852	0.274	0.000	0.493	0.817	0.130
evm.model.Seg3885.3	1.024	0.426	1.626	1.614	2.707	2.138	0.486	0.309	0.291	0.456	0.918	1.436	1.266	1.144	0.000	0.840	1.487	0.260
evm.model.Seg389.1	1.777	0.697	1.647	2.926	2.357	2.548	0.153	0.309	0.773	0.344	0.414	1.477	1.538	0.822	0.000	0.420	0.231	0.101
evm.model.Seg3909.1	8.374	3.022	5.503	6.856	1.815	1.761	0.153	0.000	0.000	0.065	2.175	0.402	0.248	0.000	0.000	0.548	1.248	0.434
evm.model.Seg391.8	0.784	0.142	1.841	2.926	0.543	0.658	0.000	0.085	0.191	0.130	0.152	0.000	0.000	0.110	0.000	0.000	0.200	0.058
evm.model.Seg3995.1.1.57f48f7b	1.513	0.000	4.127	2.183	14.457	14.468	0.486	2.517	4.377	2.483	7.587	6.915	8.395	0.000	0.000	0.000	2.781	0.000
evm.model.Seg4018.3.1.57f48f7b	0.256	0.116	0.486	0.469	0.052	0.128	0.128	0.085	0.000	0.158	0.000	0.025	0.000	0.000	0.000	0.000	0.000	0.000
evm.model.Seg402.8.2.57f48f7b	0.000	0.000	11.686	8.979	1.584	0.000	0.000	1.184	0.341	0.614	0.000	0.943	0.976	6.551	0.000	0.950	1.425	1.085
evm.model.Seg4040.1	3.531	2.738	5.391	15.319	4.336	6.550	3.477	2.069	1.958	1.795	2.264	2.018	2.895	1.357	2.211	1.735	0.647	0.665
evm.model.Seg405.4	0.000	0.568	0.966	3.930	0.275	0.445	0.102	0.000	0.000	1.041	0.000	0.000	0.000	0.000	0.243	0.146	0.000	0.752
evm.model.Seg4069.3	0.000	0.000	1.313	10.539	3.168	4.429	10.278	3.520	3.765	2.790	0.469	1.132	0.711	0.000	0.000	0.000	0.000	0.000
evm.model.Seg4137.2.1.57f48f7b	0.349	0.232	0.500	1.038	0.320	0.316	0.051	0.085	0.151	0.139	0.359	0.164	0.149	0.432	0.000	0.091	0.277	0.087
evm.model.Seg4163.1	1.583	1.924	238.180	110.663	46.287	7.354	61.441	50.881	18.835	17.035	18.398	14.479	23.003	0.665	2.596	5.333	0.501	0.145
evm.model.Seg416.9	2.779	0.555	61.452	63.005	22.600	54.426	5.165	23.595	19.809	13.632	6.179	6.718	3.416	3.796	0.750	3.470	1.687	0.000
evm.model.Seg4208.3.1.57f48f7b	0.000	0.000	1.799	2.136	2.313	2.873	3.017	0.000	0.000	2.390	2.126	1.354	1.117	2.152	0.000	0.000	0.000	0.000
evm.model.Seg422.22	2.569	2.544	51.670	9.896	8.478	6.832	0.844	2.059	3.062	2.204	1.256	1.936	1.414	0.000	0.000	0.000	0.000	0.000
evm.model.Seg4241.1	1.925	2.015	4.037	2.993	1.160	2.394	0.511	0.523	0.884	0.670	0.925	0.394	0.232	0.500	0.548	0.347	0.547	1.374
evm.model.Seg424.2	12.534	3.887	29.451	38.513	15.030	18.000	0.920	5.739	7.159	7.141	12.026	12.083	14.152	11.300	2.231	3.232	11.455	3.746
evm.model.Seg4256.2	0.846	0.271	4.426	7.117	0.231	0.257	0.332	0.864	1.225	0.660	0.980	1.025	1.084	0.000	0.000	1.242	0.747	2.314
evm.model.Seg4259.3	6.644	2.441	6.767	9.621	3.614	10.577	2.864	2.688	3.263	2.334	1.056	0.664	0.703	4.187	0.000	1.461	4.769	1.765
evm.model.Seg4288.1	0.000	0.310	0.889	0.730	0.216	0.248	0.000	0.000	0.000	0.056	0.338	0.000	0.356	0.000	0.000	0.000	0.000	0.000
evm.model.Seg4331.2	3.873	0.917	4.731	4.620	1.495	3.292	1.253	0.427	0.502	0.753	3.203	1.321	1.084	1.199	0.000	2.137	1.094	0.564
evm.model.Seg4350.2.1.57f48f7b	0.000	0.000	1.605	4.620	0.997	1.950	0.000	0.000	0.884	0.762	2.858	0.000	1.332	0.000	0.000	0.000	0.000	0.000
evm.model.Seg440.1	0.419	0.375	1.570	1.821	1.636	1.787	0.307	0.203	0.321	0.279	0.759	0.591	0.844	0.706	0.324	1.169	0.655	0.318
evm.model.Seg4405.1	5.177	2.053	13.986	13.076	7.184	10.252	0.818	1.557	1.757	1.571	3.314	3.609	3.846	3.145	0.527	0.000	2.049	0.202
evm.model.Seg444.3	2.918	1.046	5.822	6.863	2.796	3.762	0.256	1.013	1.355	0.800	1.029	2.838	2.796	1.323	0.223	0.347	0.539	0.130
evm.model.Seg448.2	1.071	0.000	5.169	5.289	2.298	1.060	0.000	3.104	2.831	3.915	5.205	4.192	2.647	0.000	0.000	0.000	1.179	0.000
evm.model.Seg4522.1	1.366	0.310	4.836	1.158	4.410	3.275	0.000	0.565	0.803	0.474	0.000	0.000	0.000	0.000	0.000	0.219	0.000	0.000
evm.model.Seg4524.2	3.260	0.555	21.434	33.993	0.208	0.000	0.256	0.171	0.241	0.270	0.311	0.090	0.091	0.000	0.588	0.146	0.686	1.533
evm.model.Seg4530.1	1.172	0.504	3.981	9.923	0.878	0.847	0.409	0.981	0.542	0.762	0.718	0.861	0.662	0.699	0.446	0.347	0.262	1.027
evm.model.Seg4583.2.1.57f48f7b	4.595	6.470	13.624	9.996	2.863	4.498	2.403	2.827	2.580	2.194	2.685	4.905	2.647	2.371	4.441	5.479	1.502	4.354
evm.model.Seg4593.2	2.344	1.898	14.180	38.318	1.383	5.661	0.741	4.491	4.719	3.803	3.866	6.316	6.270	5.050	0.000	2.447	1.032	7.376
evm.model.Seg4652.1	7.707	4.597	12.110	12.320	6.158	5.601	1.815	2.251	2.259	2.557	2.465	3.273	3.060	5.509	1.440	1.479	3.105	1.938
evm.model.Seg4751.3	1.203	0.517	2.063	2.176	2.097	3.292	0.256	0.235	0.171	0.614	1.629	1.107	1.390	1.693	0.000	0.438	1.556	0.058
evm.model.Seg4794.1	3.873	3.099	12.527	4.493	4.797	4.609	0.972	1.696	1.626	1.386	2.527	4.167	3.234	5.283	0.000	0.000	2.558	0.159
evm.model.Seg4955.3	0.660	0.452	3.286	1.814	0.506	0.624	0.102	0.149	0.110	0.437	0.476	0.591	0.380	0.000	0.000	0.329	0.000	0.130
evm.model.Seg4985.1	1.017	0.000	2.133	1.553	0.260	0.701	0.000	0.000	0.000	0.000	0.545	0.000	0.000	0.000	0.000	0.000	0.000	0.000
evm.model.Seg503.19	0.551	0.077	0.757	1.681	1.525	1.069	0.000	0.117	0.030	0.428	0.069	0.107	0.000	0.000	0.000	0.000	0.724	0.000
evm.model.Seg5077.1	1.715	2.815	4.537	12.896	1.606	1.308	1.636	1.835	1.556	1.730	1.947	1.600	1.836	2.474	1.724	0.201	1.464	4.296
evm.model.Seg5077.3	3.912	1.072	4.460	7.124	9.824	4.959	0.000	0.843	0.673	0.614	0.235	2.182	3.672	0.802	0.223	1.278	2.265	0.000
evm.model.Seg515.8	0.466	1.033	2.209	1.225	2.194	2.138	0.000	0.000	0.000	0.000	0.000	0.796	1.042	0.000	0.000	0.000	0.239	0.000
evm.model.Seg517.2.1.57f48f7c	0.000	0.000	0.597	1.252	0.089	0.128	1.764	0.000	0.000	0.000	0.463	0.000	0.637	0.000	0.000	0.000	1.009	0.000
evm.model.Seg5.2.1.57f48f7c	0.000	0.000	0.000	1.232	0.506	0.000	0.000	0.000	0.000	0.000	0.000	0.000	0.000	0.000	0.000	0.000	0.000	0.000
evm.model.Seg5220.1	15.422	1.937	13.791	12.809	3.592	4.027	0.000	2.613	0.462	2.167	0.331	0.550	0.000	0.000	0.000	0.000	1.271	3.384
evm.model.Seg5266.2	0.574	0.077	1.077	0.743	0.491	0.479	0.000	0.117	0.161	0.102	0.138	0.016	0.058	0.000	0.223	0.000	0.000	0.000
evm.model.Seg5287.1	2.290	1.020	17.543	46.306	5.734	4.173	0.205	3.787	4.076	3.840	6.655	7.145	7.974	5.797	0.000	3.379	5.601	5.380
evm.model.Seg530.4	1.808	0.956	3.272	5.584	1.636	1.975	2.429	0.907	0.331	0.809	0.690	0.254	0.802	0.000	0.000	0.000	0.000	0.275
evm.model.Seg535.3	0.163	0.039	0.452	0.703	0.059	0.017	0.026	0.043	0.060	0.037	0.221	0.025	0.074	0.000	0.000	0.000	0.223	0.130
evm.model.Seg5497.2	1.909	1.795	5.899	9.688	6.425	2.300	1.099	0.693	0.653	1.079	1.802	2.912	3.838	5.955	0.588	0.968	1.672	0.767
evm.model.Seg5500.2	0.667	0.000	1.112	0.636	0.022	0.000	0.051	0.096	0.070	0.000	0.000	0.000	0.157	0.000	0.000	0.000	0.639	0.159
evm.model.Seg550.11.2.57f48f7c	0.000	0.000	0.389	3.977	3.086	2.369	0.000	2.005	1.677	1.971	0.000	1.181	1.108	0.000	0.000	0.000	0.755	0.000
evm.model.Seg5523.1	0.520	0.181	1.424	1.386	1.800	0.676	0.026	0.213	0.311	0.260	0.104	0.263	0.389	0.576	0.000	0.000	0.169	0.000
evm.model.Seg5693.1	0.419	0.181	0.632	0.763	0.350	0.128	0.767	0.181	0.161	0.028	0.000	0.000	0.000	0.000	0.000	0.000	0.000	0.405
evm.model.Seg5768.1	2.204	0.762	4.877	4.359	1.591	1.437	0.281	0.555	0.492	0.781	0.918	1.542	1.274	0.123	0.000	0.219	0.385	0.174
evm.model.Seg5768.2	7.117	1.718	11.290	9.809	2.566	3.737	0.435	1.195	1.546	2.222	3.410	4.061	3.689	3.221	0.507	0.402	0.532	0.289
evm.model.Seg581.2	0.613	1.188	1.403	0.716	0.513	0.949	0.051	0.171	0.161	0.186	0.387	0.427	0.422	0.164	0.000	0.073	0.354	0.116
evm.model.Seg5921.2	4.401	3.474	6.510	9.762	2.417	2.505	1.534	3.093	2.339	3.031	2.002	1.550	1.563	1.693	4.746	2.648	1.410	5.699
evm.model.Seg5922.1	1.816	0.271	7.788	25.530	0.840	5.986	0.000	0.395	0.602	0.260	0.221	0.271	0.372	0.000	0.000	0.000	0.000	0.000
evm.model.Seg5970.1	1.568	0.400	2.946	2.959	4.618	4.694	0.869	0.640	0.653	0.642	2.347	2.436	2.696	3.851	0.081	0.749	1.810	0.217
evm.model.Seg5971.2	0.272	0.400	1.119	6.495	0.223	0.231	0.026	0.267	0.251	0.298	0.435	0.336	0.157	0.439	0.000	0.000	0.154	0.116
evm.model.Seg601.4	0.559	0.400	1.918	3.790	1.926	1.616	0.000	0.459	0.633	0.623	0.877	0.566	0.306	0.349	0.000	0.292	0.871	0.434
evm.model.Seg601.5	4.168	1.059	14.111	17.844	4.336	5.550	1.125	4.288	4.377	4.426	4.184	3.388	3.846	2.816	0.953	1.151	2.142	1.229
evm.model.Seg6026.1	0.373	0.000	1.417	1.125	0.238	0.000	0.000	0.000	0.000	0.000	0.000	0.090	0.000	0.000	0.000	0.000	0.108	0.000
evm.model.Seg6033.1	5.448	6.703	27.290	12.179	3.704	5.746	3.043	2.443	2.540	3.143	4.522	4.413	3.722	6.393	1.399	2.885	3.752	1.519
evm.model.Seg616.2.1.57f48f7d	0.000	0.000	0.000	3.629	0.193	0.855	0.000	0.075	0.000	0.112	0.490	0.935	1.208	0.603	0.000	0.000	0.000	0.000
evm.model.Seg6295.4	8.398	4.972	14.208	14.797	4.730	6.524	0.384	1.163	0.974	1.255	2.637	3.601	3.838	3.817	0.304	0.968	2.897	0.289
evm.model.Seg6437.1	0.481	0.413	1.480	1.567	1.658	2.839	0.051	0.235	0.402	0.186	1.305	0.763	0.480	0.726	0.000	2.118	0.308	0.521
evm.model.Seg645.2	1.607	0.904	6.065	13.860	2.938	2.454	0.690	2.976	2.098	2.380	2.271	2.018	2.043	1.083	2.859	5.113	1.263	4.599
evm.model.Seg657.8	1.048	0.594	1.487	4.191	0.208	0.000	0.179	0.000	0.000	0.000	0.000	0.000	0.000	0.000	0.000	0.000	0.000	0.521
evm.model.Seg660.6.1.57f48f7d	9.135	1.834	9.421	9.635	4.960	4.036	0.920	0.875	0.924	1.469	1.615	1.255	0.000	1.412	3.225	2.630	2.080	4.672
evm.model.Seg661.1	0.768	0.865	3.724	3.368	0.706	0.359	4.193	0.992	0.964	1.246	0.276	0.492	0.711	0.000	0.000	0.000	0.377	0.159
evm.model.Seg661.1.1.57f48f7d	0.186	0.000	8.004	5.966	2.633	0.274	8.923	1.259	0.633	0.697	0.469	0.492	0.852	0.576	0.629	0.000	0.000	0.000
evm.model.Seg663.9	1.731	0.607	1.660	2.698	1.034	1.317	0.281	0.288	0.291	0.130	0.822	0.074	0.149	1.110	0.183	0.000	0.724	0.955
evm.model.Seg6748.1	1.995	0.581	3.397	4.151	0.647	0.710	0.435	0.213	0.211	0.353	0.228	0.574	0.629	0.000	0.831	0.219	0.439	0.174
evm.model.Seg675.23.1.57f48f7d	0.000	1.563	1.799	2.102	3.585	1.787	0.000	0.000	1.335	1.116	0.000	0.861	0.579	0.000	0.000	0.000	0.000	0.853
evm.model.Seg6817.1	46.086	33.526	130.053	110.503	17.201	12.330	17.540	6.368	3.584	6.091	30.797	28.645	16.873	4.262	7.788	26.626	0.000	13.032
evm.model.Seg683.5	0.000	0.426	1.799	2.230	0.595	0.847	0.997	0.000	0.070	0.149	1.111	0.304	0.240	0.692	0.000	0.000	0.000	0.000
evm.model.Seg6888.1	0.326	0.362	1.320	1.868	0.766	1.163	0.281	0.171	0.291	0.251	0.711	0.476	0.480	0.123	0.000	0.402	0.324	0.347
evm.model.Seg694.4	1.374	0.052	2.765	3.977	0.729	0.752	0.358	0.139	0.131	0.707	1.229	0.664	0.240	0.911	0.406	0.146	0.439	0.333
evm.model.Seg694.6	0.993	0.697	1.230	3.408	1.078	0.633	0.000	0.448	0.000	0.000	0.000	0.468	1.663	0.000	0.000	0.000	0.000	0.000
evm.model.Seg698.10	0.776	0.878	5.009	5.705	1.339	0.915	0.179	0.405	0.502	0.670	1.477	1.165	1.034	1.213	0.385	1.023	1.471	0.506
evm.model.Seg699.7	4.587	2.415	8.358	9.822	6.730	6.533	0.460	1.568	1.677	2.455	4.743	3.650	2.787	5.701	0.446	1.114	4.576	0.506
evm.model.Seg7046.3	2.437	7.671	7.809	13.438	1.926	2.146	0.614	0.523	0.562	1.888	2.478	2.051	1.787	3.056	0.771	0.347	0.555	3.587
evm.model.Seg709.3	0.047	0.039	0.591	1.426	1.182	1.146	0.077	1.109	1.185	0.772	0.518	0.673	0.546	0.322	0.183	0.000	0.108	0.275
evm.model.Seg7098.1	1.110	0.413	7.497	6.441	3.451	1.736	0.000	2.453	3.946	1.227	0.000	0.451	1.464	0.000	0.000	0.000	0.000	0.000
evm.model.Seg711.8	1.801	0.969	4.148	6.287	0.245	0.316	0.230	0.000	0.833	0.883	0.670	0.722	0.662	0.932	0.000	0.000	0.324	1.316
evm.model.Seg716.1.2.57f48f7d	0.660	0.000	0.486	1.506	0.164	0.291	0.000	0.117	0.000	0.000	0.000	0.000	0.000	0.000	0.000	0.000	0.177	0.159
evm.model.Seg716.1.3.57f48f7d	0.217	0.000	0.632	1.232	0.126	0.607	0.000	0.085	0.000	0.000	0.000	0.000	0.000	0.000	0.000	0.000	0.100	0.043
evm.model.Seg7206.2	1.614	0.194	4.495	5.792	1.763	1.736	0.000	0.640	1.375	1.246	1.312	2.018	1.340	2.296	0.000	0.822	2.665	0.159
evm.model.Seg732.2	1.933	1.214	4.704	8.805	0.402	0.787	1.048	2.891	3.855	3.878	4.177	2.691	2.589	0.075	0.142	0.128	2.242	0.072
evm.model.Seg733.2	0.528	0.271	4.002	3.756	0.030	0.000	0.000	0.053	0.000	0.028	0.324	0.000	0.000	0.000	0.000	0.000	0.000	0.174
evm.model.Seg7373.3	1.956	0.917	8.212	5.972	2.343	2.471	0.537	0.235	0.432	0.232	0.400	2.445	1.340	0.000	0.000	0.000	0.000	0.000
evm.model.Seg7406.1	0.078	0.103	0.195	1.513	0.275	0.162	0.000	0.000	0.080	0.000	0.000	0.082	0.265	0.000	0.548	0.183	0.000	0.636
evm.model.Seg7463.1	0.217	0.232	2.849	6.716	4.693	2.471	0.000	2.453	1.797	1.692	1.367	2.067	2.093	0.178	0.385	1.023	0.924	0.636
evm.model.Seg7483.1	6.853	0.245	6.579	7.974	3.034	4.412	0.844	0.032	0.161	0.000	0.387	0.049	0.041	1.727	1.602	0.000	2.658	1.562
evm.model.Seg749.4	0.341	0.375	1.007	2.116	0.305	0.120	0.256	0.053	0.000	0.000	0.145	0.180	0.314	0.000	0.000	0.000	0.000	0.000
evm.model.Seg75.3	4.703	1.395	6.378	6.709	2.350	0.239	0.026	0.747	0.271	1.767	0.490	0.000	0.331	0.000	0.000	1.351	0.000	7.883
evm.model.Seg7600.1	0.458	0.465	1.688	1.547	0.699	1.009	0.230	0.309	0.472	0.446	0.221	0.066	0.124	0.199	0.243	0.292	0.354	0.217
evm.model.Seg7629.1	1.141	0.775	4.384	9.508	1.220	1.291	0.793	2.165	2.118	2.185	1.892	1.370	1.514	1.055	1.298	1.041	1.687	4.730
evm.model.Seg7705.1	2.779	1.356	5.787	9.026	5.793	6.627	0.511	0.864	1.215	1.516	3.963	4.397	4.103	5.640	0.284	0.000	6.502	0.087
evm.model.Seg7750.1	0.202	0.000	0.278	0.710	0.104	0.034	0.000	0.000	0.000	0.000	0.000	0.000	0.000	0.000	0.000	0.000	0.000	0.000
evm.model.Seg7828.2	0.404	0.439	1.348	2.283	0.097	0.026	0.332	0.064	0.060	0.065	0.318	0.066	0.025	0.192	0.000	0.000	0.000	0.145
evm.model.Seg7911.1	0.000	0.000	2.057	8.316	6.068	9.064	0.639	0.000	0.191	0.214	0.497	0.148	0.132	0.000	0.000	0.000	0.231	0.000
evm.model.Seg7921.1	0.310	0.607	0.868	2.417	1.681	1.206	0.256	0.299	0.291	0.391	0.449	0.509	0.538	0.651	0.264	0.584	0.054	0.434
evm.model.Seg8019.1	0.458	0.232	1.091	1.098	0.706	1.488	0.281	0.000	0.050	0.093	0.262	0.705	0.505	0.445	0.000	0.804	0.493	0.477
evm.model.Seg802.4	4.253	0.504	8.038	9.735	0.952	3.497	1.176	1.547	0.934	0.251	1.733	1.862	1.456	2.412	0.000	0.000	0.824	1.707
evm.model.Seg803.7	1.506	0.943	8.733	6.876	6.946	5.199	0.000	2.709	4.568	5.747	7.608	7.014	6.055	7.771	0.000	2.885	4.206	0.709
evm.model.Seg8050.1	38.876	16.802	48.793	100.111	36.121	62.695	31.321	24.608	21.737	17.323	9.113	18.818	19.165	14.068	11.884	15.450	11.609	3.182
evm.model.Seg808.4	5.712	4.740	28.437	55.800	6.857	3.993	2.582	11.147	10.843	10.591	7.532	6.743	7.428	4.865	4.299	3.707	5.616	5.106
evm.model.Seg818.8.1.57f48f7e	0.000	0.000	1.084	1.024	1.004	1.163	0.179	0.000	0.633	1.367	2.616	1.444	0.000	0.000	0.000	0.000	0.000	0.000
evm.model.Seg819.3	0.000	0.297	0.535	0.261	0.216	0.000	0.000	0.000	0.020	0.000	0.214	0.320	0.149	0.240	0.000	0.000	0.162	0.000
evm.model.Seg8248.1	2.336	3.371	4.134	7.499	1.019	2.206	0.869	0.640	0.552	1.441	3.397	0.755	0.000	0.000	2.657	0.000	2.257	1.808
evm.model.Seg831.11	0.706	0.129	1.174	2.430	0.297	0.239	0.077	0.160	0.151	0.130	0.110	0.164	0.033	0.000	0.000	0.000	0.000	0.000
evm.model.Seg841.11	1.358	1.149	5.482	4.734	5.436	5.421	0.895	0.789	0.904	0.967	2.327	2.404	1.911	0.466	1.014	4.127	2.542	0.984
evm.model.Seg841.23	0.830	0.103	2.182	3.301	0.491	1.471	0.000	0.405	0.271	0.195	0.083	0.484	0.430	0.000	0.000	0.000	0.000	0.174
evm.model.Seg8422.2	99.049	57.804	81.837	121.778	9.065	7.627	28.125	12.096	8.514	9.559	5.219	5.882	5.178	0.000	0.000	0.256	0.524	5.843
evm.model.Seg8456.1	2.088	0.517	4.509	4.613	2.090	1.556	0.000	0.779	1.024	0.651	6.427	2.371	1.067	1.830	0.000	0.000	0.724	0.000
evm.model.Seg858.3	0.962	0.684	1.271	2.839	0.788	0.633	0.486	0.395	0.412	0.363	0.532	0.599	0.422	2.645	0.000	0.201	0.000	0.723
evm.model.Seg861.9	1.071	1.007	0.945	3.515	1.123	0.898	0.000	0.384	0.100	0.102	1.084	0.246	0.678	0.000	1.338	0.000	0.000	0.376
evm.model.Seg8619.1	2.010	0.672	1.480	2.531	0.260	0.599	0.153	0.075	0.211	0.112	0.297	0.509	0.182	0.000	0.000	0.000	0.362	0.289
evm.model.Seg8701.1	0.582	0.000	2.640	3.763	0.692	0.889	0.000	0.000	0.000	0.112	0.608	0.664	0.811	0.000	0.000	0.000	0.000	0.000
evm.model.Seg870.2	1.544	0.839	2.557	4.299	9.192	3.241	0.000	0.341	0.321	0.679	1.319	1.583	1.588	1.501	0.000	0.858	0.924	0.318
evm.model.Seg8770.1	2.282	0.065	4.988	5.109	3.086	1.419	0.230	1.589	1.667	1.534	1.063	0.927	1.175	0.308	0.000	0.840	1.279	0.434
evm.model.Seg88.3	0.000	0.336	0.597	3.408	0.350	0.376	0.000	1.888	1.245	1.683	1.443	1.591	1.456	0.000	0.000	0.000	1.618	0.000
evm.model.Seg883.7	3.803	0.788	6.065	4.714	1.108	2.976	0.179	1.056	0.813	1.116	1.643	1.846	1.845	3.817	0.000	0.000	2.350	0.810
evm.model.Seg8911.1	3.244	0.207	2.126	2.564	0.811	1.462	0.460	0.565	0.151	0.270	0.656	0.853	0.529	0.884	0.000	0.475	1.233	0.434
evm.model.Seg896.4	86.219	37.774	976.988	647.054	32.863	6.533	206.669	64.438	33.785	32.313	13.745	18.145	23.019	0.754	12.371	12.747	0.254	2.922
evm.model.Seg898.1	13.217	1.821	30.855	21.606	5.912	7.020	0.563	4.757	4.859	6.807	16.023	19.942	17.221	15.357	0.243	2.319	12.973	0.275
evm.model.Seg902.1	0.233	0.323	0.403	0.957	0.268	0.376	0.000	0.021	0.060	0.037	0.000	0.131	0.099	0.199	0.000	0.183	0.339	0.000
evm.model.Seg904.4	1.257	0.284	2.793	6.173	2.194	1.189	0.051	1.504	1.446	1.609	1.229	0.623	0.711	0.891	0.750	0.000	0.639	0.752
evm.model.Seg910.12	0.504	0.555	1.202	1.634	1.673	1.479	0.179	0.203	0.291	0.372	0.725	0.705	0.620	0.247	0.162	0.365	0.108	0.029
evm.model.Seg915.4	1.374	0.000	4.961	4.707	3.845	2.463	0.256	0.661	1.165	0.316	0.200	0.295	0.174	0.000	0.000	0.000	3.336	0.000
evm.model.Seg940.6.1.57f48f7e	2.189	2.441	9.609	20.040	1.227	1.932	2.224	3.808	2.841	2.678	1.712	1.542	1.423	2.529	7.930	6.300	3.251	9.705
evm.model.Seg94.18	0.241	0.039	0.646	0.723	0.052	0.137	0.000	0.000	0.000	0.000	0.000	0.000	0.025	0.000	0.000	0.000	0.000	0.000
evm.model.Seg95.2	0.116	0.529	1.049	1.279	0.193	0.299	0.179	0.203	0.110	0.214	0.580	0.279	0.281	0.000	0.446	0.000	0.277	0.521
evm.model.Seg954.8.2.57f48f7e	0.000	0.891	2.626	3.421	5.183	3.130	0.000	1.131	0.582	0.995	1.843	1.706	0.968	0.000	0.000	0.000	1.287	0.000
evm.model.Seg9553.1	0.303	0.000	1.146	0.978	0.580	0.368	0.051	0.021	0.050	0.214	0.242	0.025	0.000	0.308	0.000	0.000	0.339	0.000
evm.model.Seg974.6	2.701	0.349	8.698	12.012	15.922	31.031	5.267	0.181	0.110	0.028	8.609	0.894	1.183	0.000	0.000	0.000	0.000	0.000
evm.model.Seg983.2	1.211	0.000	2.286	1.754	2.224	1.838	0.000	0.224	0.602	0.214	0.373	1.362	0.827	0.000	0.000	1.023	1.895	0.000
evm.model.Seg9841.1	0.000	0.000	9.442	8.309	3.443	2.847	0.000	0.000	0.000	0.000	0.000	0.000	0.000	0.055	0.000	0.000	0.000	0.000
evm.model.Seg999.7	28.065	41.623	173.650	118.765	14.227	20.223	19.867	37.334	37.771	35.298	30.597	28.096	26.890	28.349	46.178	42.715	16.740	20.784
