Planula_Early_1_AR012_RSEM	Planula_Early_2_AR002_RSEM	Planula_Late_1_AR019_RSEM	Planula_Late_3_AR002_RSEM	Polyp_1_RSEM	Polyp_2_AR005_RSEM	Polyp_3_AR006_RSEM	Strobila_Early_1_AR019_RSEM	Strobila_Early_2_AR006_RSEM	Strobila_Early_3_AR005_RSEM	Strobila_Late_1_AR015_RSEM	Strobila_Late_2_AR005_RSEM	Strobila_Late_3_AR019_RSEM	Ephyra_1_AR019_RSEM	Ephyra_2_AR012_RSEM	Ephyra_3_AR018_RSEM	Juvenile_1_AR002_RSEM	Juvenile_2_AR013_RSEM
evm.model.Seg1006.4.1.57f48f75	0.854	0.620	0.292	2.651	4.417	4.104	4.500	8.341	10.371	4.184	5.461	5.455	1.431	0.000	8.964	0.000	0.000	3.558
evm.model.Seg1010.11	0.489	0.465	0.681	0.844	5.652	7.969	6.903	11.542	8.785	7.504	2.906	7.227	5.128	4.838	0.000	0.931	1.379	1.374
evm.model.Seg1018.1	10.400	4.158	6.003	9.802	10.969	14.152	2.531	12.907	15.261	8.769	0.035	0.016	0.017	25.135	6.713	4.821	9.922	0.680
evm.model.Seg1018.2	9.655	1.395	5.079	6.649	11.341	16.033	0.460	8.352	8.243	5.663	0.000	0.000	0.000	23.162	1.055	0.000	8.597	0.000
evm.model.Seg1018.3	6.023	0.000	9.484	7.372	14.502	21.001	0.000	5.696	10.703	7.374	0.000	0.000	0.000	23.504	5.111	0.000	6.255	0.000
evm.model.Seg1019.8	581.889	288.983	484.551	535.707	3182.480	3759.539	10140.194	1234.774	1099.867	731.362	160.142	1222.124	898.529	242.973	69.987	248.896	363.421	61.745
evm.model.Seg102.10	8.235	1.098	4.363	10.967	7.950	14.690	0.537	7.861	8.484	5.189	0.235	0.000	0.041	17.878	0.527	0.402	6.879	0.000
evm.model.Seg1031.2	2.678	0.232	0.389	1.667	9.973	3.574	3.452	5.707	6.285	6.249	4.743	8.507	7.618	4.290	0.000	0.000	3.590	3.240
evm.model.Seg1039.9	0.675	0.258	2.876	2.638	8.597	7.046	1.534	4.128	4.428	4.222	2.361	2.920	2.663	2.618	0.000	1.151	3.875	0.289
evm.model.Seg1044.3	0.667	4.597	1.390	5.243	41.341	55.546	52.952	25.088	20.903	18.532	5.557	7.645	8.329	0.528	7.118	8.912	0.424	0.810
evm.model.Seg1046.1	8.118	7.929	5.329	5.182	50.347	108.955	102.018	74.273	54.106	44.848	18.971	25.553	20.157	31.721	18.110	22.189	27.001	30.099
evm.model.Seg1060.1	1.242	2.273	1.146	2.009	1.993	0.316	10.918	6.155	4.598	3.422	0.918	0.164	0.430	7.243	6.104	5.278	2.473	2.965
evm.model.Seg1063.4.3.57f48f75	0.000	0.000	0.521	0.000	2.201	2.052	2.148	0.096	0.000	0.056	0.331	0.000	0.000	1.494	0.000	0.000	0.092	0.000
evm.model.Seg1074.5.2.57f48f75	0.155	0.000	0.000	0.000	0.825	0.599	0.614	0.245	0.070	0.465	0.138	0.410	0.199	0.000	0.000	0.000	0.000	0.318
evm.model.Seg1076.8.1.57f48f75	0.365	0.672	0.250	0.810	1.339	1.240	0.205	0.939	0.954	1.441	1.111	0.771	0.554	0.000	0.000	0.000	0.994	0.275
evm.model.Seg10967.1	20.280	5.114	12.214	13.331	39.668	140.952	191.021	8.992	6.777	24.642	13.013	13.625	5.715	22.353	3.265	3.963	61.329	2.734
evm.model.Seg1098.2	0.000	0.000	0.000	0.301	2.112	0.752	0.000	0.000	0.000	0.195	0.000	0.000	0.000	0.000	0.000	0.000	0.000	0.000
evm.model.Seg1098.2.1.57f48f75	0.000	0.000	0.000	0.315	1.279	0.676	0.000	0.000	0.000	0.037	0.000	0.000	0.000	0.000	0.000	0.000	0.000	0.000
evm.model.Seg1100.2	7.536	20.908	2.536	1.654	6.961	7.696	139.526	3.435	1.596	1.962	1.878	0.993	0.910	27.362	4.360	0.639	24.644	1.273
evm.model.Seg1103.1	2.600	6.470	0.952	1.486	51.649	45.294	241.135	94.103	40.502	29.449	5.840	10.082	13.102	7.257	0.953	3.086	6.926	9.315
evm.model.Seg1104.5	3.663	6.263	3.759	1.239	24.110	5.977	0.741	11.584	11.335	11.688	5.564	6.144	6.022	3.015	0.000	0.000	7.026	1.490
evm.model.Seg110.6	1.599	4.520	0.333	0.857	14.888	21.617	59.446	13.536	13.765	11.261	3.742	8.720	7.874	11.821	6.490	6.081	5.447	4.484
evm.model.Seg1108.6	0.629	3.087	0.875	0.670	0.558	0.761	8.131	4.203	4.167	3.998	2.361	1.600	1.547	2.124	2.697	1.114	0.855	3.818
evm.model.Seg1112.3	8.592	13.134	6.677	8.918	19.968	39.924	126.205	61.185	60.843	51.599	34.283	48.481	49.727	4.557	9.998	15.961	2.003	7.232
evm.model.Seg1115.1	3.353	7.632	4.843	1.741	78.094	93.033	14.344	13.878	10.562	20.085	12.744	14.692	15.021	10.423	6.976	11.925	8.967	3.066
evm.model.Seg1121.12	0.085	1.059	0.104	0.000	32.566	34.648	193.297	51.009	54.397	32.787	10.818	18.252	19.305	0.000	5.070	11.140	0.116	2.459
evm.model.Seg1123.8	7.528	57.159	4.711	1.741	40.226	25.003	200.788	85.228	76.013	57.141	13.855	22.485	19.107	6.469	33.604	37.529	9.899	19.034
evm.model.Seg1153.6	3.081	1.821	4.433	4.854	31.859	17.256	10.509	36.758	19.377	12.144	2.706	4.594	5.368	15.672	8.254	5.807	10.562	64.638
evm.model.Seg116.2	17.331	21.489	13.145	9.842	33.042	36.375	107.515	47.724	40.040	38.794	17.038	29.613	27.792	23.587	54.391	54.020	20.245	28.233
evm.model.Seg1163.7	9.127	0.504	17.070	2.129	14.189	19.616	4.730	8.853	7.319	4.082	0.000	0.000	0.000	28.664	7.017	5.990	23.281	0.434
evm.model.Seg1164.5	1.009	3.784	0.987	2.966	18.577	17.085	46.253	17.472	13.524	15.250	6.206	9.270	8.586	9.518	4.178	8.145	4.692	13.176
evm.model.Seg1173.5	2.026	3.345	0.667	0.830	7.281	14.186	20.940	9.878	8.072	6.556	3.542	6.809	6.344	6.599	3.934	4.273	3.567	5.916
evm.model.Seg1190.1.1.57f48f75	0.528	0.736	0.431	0.000	5.868	0.607	0.920	1.664	2.008	2.102	2.251	0.533	0.852	3.625	0.162	1.041	0.154	0.477
evm.model.Seg12047.1	56.067	17.447	34.877	13.773	142.504	256.175	1220.018	326.822	268.792	233.277	77.976	227.203	181.489	175.173	58.691	187.042	94.740	94.476
evm.model.Seg1208.2	185.811	253.986	119.597	103.425	723.734	228.009	324.590	451.912	399.955	412.230	128.227	217.433	225.112	192.243	101.117	141.934	155.329	207.567
evm.model.Seg1209.1	0.000	0.000	1.320	2.732	52.571	0.676	58.679	0.000	0.040	0.112	3.224	1.542	0.273	0.514	16.934	0.913	0.578	0.000
evm.model.Seg1209.1.1.57f48f75	0.000	0.310	0.862	1.011	68.270	0.590	16.645	0.021	0.000	0.139	1.077	0.205	0.000	0.665	2.109	1.187	0.655	0.000
evm.model.Seg1211.3	0.039	0.000	0.000	0.208	0.625	1.146	1.509	1.333	1.315	1.200	0.649	0.180	0.496	0.260	0.000	0.000	0.570	0.593
evm.model.Seg1229.2	0.714	0.736	0.500	1.118	0.729	0.727	2.122	1.141	1.295	0.697	0.207	0.172	0.223	0.809	2.596	2.228	0.508	0.738
evm.model.Seg1234.14	0.000	1.563	0.042	0.060	0.067	0.026	9.358	2.816	2.530	3.441	2.651	0.500	0.240	2.460	3.225	1.187	1.248	0.202
evm.model.Seg1261.5	0.000	2.221	0.160	0.268	0.669	0.128	2.838	3.189	2.460	1.943	1.367	0.468	0.538	0.000	0.608	0.548	0.593	1.157
evm.model.Seg1268.6	0.101	0.142	0.201	0.094	4.321	2.591	0.460	0.053	0.080	0.009	0.207	0.049	0.000	0.000	1.115	0.749	0.000	0.767
evm.model.Seg1279.1	2720.606	3931.542	1966.121	981.414	2728.984	3436.547	24622.376	6391.675	6664.885	5529.727	4911.266	4945.491	4897.897	3019.868	7865.004	8068.689	2289.565	7936.457
evm.model.Seg128.4	2.453	2.867	0.549	0.596	10.077	7.491	22.091	5.067	4.217	3.478	1.843	2.084	2.903	0.185	2.008	0.986	0.632	4.498
evm.model.Seg1300.5	1.327	3.487	3.613	1.962	32.952	119.139	61.441	1.952	1.817	1.590	1.802	3.273	6.278	8.888	2.859	13.459	14.321	2.575
evm.model.Seg1316.5	0.000	0.090	0.000	0.000	0.446	0.590	3.733	0.693	0.422	0.549	0.173	1.148	0.538	0.315	0.000	0.000	0.000	0.000
evm.model.Seg1317.7	0.000	0.000	0.264	0.000	0.022	0.000	0.000	0.000	1.938	0.921	0.000	0.000	0.000	0.000	0.913	3.470	0.585	0.000
evm.model.Seg1319.7	0.194	0.271	2.543	1.232	7.422	1.240	130.194	11.766	5.291	6.983	1.291	3.437	3.085	0.000	0.000	4.675	0.000	0.463
evm.model.Seg13207.1	0.854	0.155	0.375	0.583	2.848	1.411	1.585	2.453	2.490	2.083	1.098	1.280	0.968	1.172	0.568	1.936	0.809	0.926
evm.model.Seg1352.2	0.000	13.560	0.000	0.000	166.644	2.428	22.475	36.715	39.206	30.853	12.716	23.469	40.678	0.000	5.983	38.972	1.872	1.924
evm.model.Seg1355.1	0.078	0.207	0.188	2.129	11.996	16.708	1.483	2.091	2.349	2.566	0.960	1.567	1.754	0.384	0.710	0.110	0.131	0.043
evm.model.Seg13557.1	14.498	4.003	8.004	2.330	24.668	36.760	20.710	18.379	8.554	12.572	1.733	3.872	2.771	10.190	0.000	0.913	6.456	2.517
evm.model.Seg1358.5	8.429	0.956	12.770	15.092	9.088	15.203	0.000	2.933	4.468	1.785	1.747	1.091	0.000	24.279	0.000	0.000	7.141	2.256
evm.model.Seg1361.6	0.147	1.136	0.139	0.201	52.705	55.880	40.628	94.775	128.041	58.945	14.422	65.871	31.175	4.488	0.000	2.885	32.186	0.174
evm.model.Seg1380.2.1.57f48f76	0.000	0.000	0.000	0.408	1.368	0.393	0.000	0.245	0.371	0.670	0.538	0.049	0.571	0.000	0.000	0.000	0.000	0.000
evm.model.Seg138.5.1.57f48f76	0.000	0.000	0.000	0.757	4.001	2.086	0.972	1.035	0.944	0.828	0.000	1.509	1.522	0.541	0.588	0.968	0.678	0.130
evm.model.Seg1389.14	110.124	26.810	36.468	9.943	174.192	127.724	613.640	191.534	72.780	114.820	15.471	78.152	76.973	117.159	0.000	27.521	65.450	254.443
evm.model.Seg1389.16.2.57f48f76	0.000	0.000	0.181	0.000	0.692	0.812	0.000	0.000	0.000	0.000	0.000	0.000	0.000	0.000	0.000	0.000	0.000	0.000
evm.model.Seg1403.3	0.000	0.000	0.000	0.000	35.429	10.150	0.000	0.000	0.000	0.000	21.677	3.093	0.000	0.000	0.000	0.000	0.000	0.000
evm.model.Seg1422.14	0.000	0.168	0.049	0.000	1.041	1.573	0.358	0.640	0.843	0.697	0.373	0.254	0.414	0.308	0.000	0.000	1.125	0.000
evm.model.Seg1422.2	0.163	0.245	0.424	0.375	5.890	3.574	0.844	2.219	2.369	3.357	2.223	2.190	2.126	3.200	0.162	0.621	3.559	0.391
evm.model.Seg1460.2	5.635	12.669	9.359	8.791	31.911	46.756	49.603	39.446	38.644	32.806	18.094	21.632	22.051	7.826	7.017	6.337	7.788	5.771
evm.model.Seg1479.8.1.57f48f76	0.000	0.000	0.000	0.000	6.314	3.720	0.000	0.000	0.000	0.000	0.000	0.000	0.000	0.000	0.000	0.000	2.627	6.783
evm.model.Seg1501.5	0.000	10.745	1.126	7.660	497.008	284.761	3334.954	615.616	1415.938	573.860	224.332	449.378	512.871	4.070	41.331	253.388	9.406	26.208
evm.model.Seg1505.6	35.104	35.618	33.988	32.319	152.566	399.009	1834.349	1094.494	366.904	393.689	51.231	46.774	65.600	60.467	27.865	42.825	51.029	58.838
evm.model.Seg1517.10	7.264	2.919	9.220	5.932	113.404	201.946	220.246	65.164	33.785	47.870	7.214	30.417	26.270	13.150	0.446	5.698	15.924	3.833
evm.model.Seg1517.9	1.467	0.465	0.966	0.643	238.825	185.186	260.797	76.897	27.751	43.351	1.464	3.363	6.791	0.822	0.669	1.260	1.471	0.434
evm.model.Seg1521.2	61.329	21.670	86.436	79.482	95.236	177.234	454.988	327.078	344.424	258.774	117.954	147.165	159.057	85.740	24.661	63.041	135.716	49.292
evm.model.Seg1524.8	4015.377	4588.893	2772.030	2748.913	12997.310	9767.927	45970.472	10676.987	11354.622	8737.967	7874.260	7928.022	7641.771	7701.548	7045.483	7597.104	7933.628	7847.579
evm.model.Seg1526.7	0.279	0.504	0.000	0.000	2.499	1.992	0.128	1.685	0.813	0.809	1.008	0.328	0.612	0.000	0.000	0.475	1.017	0.014
evm.model.Seg1528.6	1.048	2.028	0.528	0.355	33.436	41.455	47.710	8.619	11.144	7.448	11.557	20.303	17.709	3.563	3.123	3.251	4.907	0.752
evm.model.Seg1542.6	0.986	0.452	0.396	0.000	1.681	5.550	1.892	2.112	1.626	1.544	1.698	1.649	1.141	3.673	0.000	1.096	1.780	0.304
evm.model.Seg1559.2	0.000	0.387	0.229	0.000	2.908	1.428	3.043	3.392	1.717	1.534	0.421	0.993	0.959	0.000	0.000	0.000	0.000	0.087
evm.model.Seg1563.6	162.527	215.204	114.386	174.304	919.292	459.822	2242.214	610.656	562.112	674.677	275.943	374.007	433.127	112.527	68.243	108.332	65.897	43.868
evm.model.Seg156.5	0.000	0.168	0.000	0.000	1.710	2.275	0.895	0.043	0.000	0.000	0.366	0.090	0.124	0.000	0.000	0.000	0.000	0.000
evm.model.Seg1565.3.1.57f48f77	0.000	0.000	0.000	0.000	0.974	1.419	0.460	0.000	0.000	0.911	1.042	0.000	0.000	0.000	0.000	0.000	0.000	0.000
evm.model.Seg1567.4_evm.model.Seg1567.5	0.000	0.207	0.000	0.000	1.815	1.915	3.068	0.939	1.305	0.893	0.318	0.484	0.554	0.254	0.000	0.676	1.132	0.709
evm.model.Seg1577.7	0.202	1.046	0.167	0.181	6.239	5.199	11.992	4.800	3.865	3.450	0.870	4.750	3.854	0.452	0.608	1.424	1.094	0.709
evm.model.Seg159.20	2.491	3.396	6.698	5.417	1.621	0.325	9.665	2.837	0.873	0.325	0.000	0.271	0.000	2.440	9.065	5.844	0.000	0.000
evm.model.Seg1616.5	2.049	2.802	15.584	13.612	54.393	39.197	41.370	0.011	4.829	3.264	8.484	42.542	23.788	4.160	1.805	3.616	1.410	2.039
evm.model.Seg1622.6	1.467	0.839	0.910	0.000	7.771	8.876	23.676	18.294	15.140	9.550	3.424	14.388	10.554	6.592	0.000	0.000	9.892	0.000
evm.model.Seg1629.1	1.125	1.459	0.597	0.763	2.491	0.804	1.483	2.656	2.671	2.260	1.740	1.263	1.323	1.357	0.264	1.096	0.524	1.548
evm.model.Seg1636.1	1.731	1.214	0.000	0.000	5.823	1.308	8.693	22.624	19.448	9.866	0.000	1.952	5.335	5.886	0.000	0.000	10.084	0.000
evm.model.Seg1643.6	0.543	0.194	0.980	0.803	5.250	3.643	6.750	6.368	5.030	4.528	2.803	5.250	3.524	8.059	0.243	0.201	2.519	0.651
evm.model.Seg1652.8	0.000	0.000	0.000	0.000	0.974	1.112	0.153	1.227	3.313	0.837	0.104	0.468	0.232	0.000	0.000	0.000	0.200	0.405
evm.model.Seg1653.2	0.885	1.692	0.167	1.413	8.448	11.313	23.727	15.382	13.293	10.043	3.183	9.261	10.893	2.371	2.211	2.246	5.963	3.153
evm.model.Seg1658.5	0.000	0.814	0.000	0.000	4.343	0.026	18.716	19.158	9.146	13.093	3.065	8.753	8.561	5.544	0.000	0.621	5.138	1.461
evm.model.Seg1658.6	0.380	4.055	0.479	0.234	1.108	0.385	57.222	17.622	7.249	12.284	3.521	6.029	4.938	1.734	0.000	2.319	5.038	11.267
evm.model.Seg166.8	0.225	0.155	0.000	0.208	5.161	5.609	1.662	0.811	0.663	0.400	0.000	0.164	0.000	0.000	0.000	0.000	0.000	0.000
evm.model.Seg1668.11	0.000	0.000	0.000	0.000	37.206	57.941	1.815	3.584	4.528	1.981	0.000	3.347	0.397	0.000	0.000	0.000	0.000	0.000
evm.model.Seg16688.1	1.832	7.826	2.133	2.243	11.839	5.558	4.858	5.472	5.020	3.868	0.456	1.313	0.811	4.858	9.430	6.447	1.071	5.062
evm.model.Seg1671.13	2.600	14.141	1.167	2.042	562.051	445.243	1242.544	1052.296	953.102	592.504	98.231	349.397	293.003	68.958	30.542	94.562	325.111	36.376
evm.model.Seg1675.2	1.056	0.000	0.855	0.000	1.019	2.078	0.000	1.941	0.462	1.302	0.000	1.378	0.910	0.000	0.000	0.000	1.710	0.000
evm.model.Seg1682.4.1.57f48f77	0.000	0.000	0.000	0.000	1.004	2.736	0.000	0.533	3.243	1.795	0.000	0.550	0.000	4.386	0.000	0.000	0.000	0.000
evm.model.Seg1682.9	6.162	18.455	132.228	42.135	5.288	23.489	78.546	21.984	16.958	5.858	2.927	4.208	4.698	81.402	10.465	12.327	6.363	11.108
evm.model.Seg1698.1	1.933	4.042	7.288	15.072	6.344	54.837	135.589	93.036	74.266	37.697	9.769	10.738	9.777	30.693	8.213	7.561	37.902	17.805
evm.model.Seg1718.6.1.57f48f77	0.000	0.375	0.000	0.000	0.312	0.581	0.563	0.277	0.181	0.000	0.000	0.000	0.000	0.000	0.000	0.000	0.000	0.000
evm.model.Seg1726.3	36.703	16.724	165.160	162.279	242.730	197.747	418.554	292.517	178.462	167.711	106.198	174.186	191.489	79.600	15.595	43.555	145.083	43.304
evm.model.Seg1726.7	0.179	0.375	0.452	0.000	11.207	6.319	12.707	14.518	14.920	7.597	1.091	2.215	3.193	0.610	0.000	0.000	7.519	0.651
evm.model.Seg1730.1	0.761	10.422	1.077	0.757	237.137	177.336	887.374	377.959	377.205	244.370	36.292	125.919	92.250	0.863	6.409	32.397	0.740	2.893
evm.model.Seg1732.7	0.000	2.273	0.320	0.000	9.712	7.302	3.528	3.755	3.022	2.306	1.560	1.665	1.390	1.562	3.285	5.095	2.203	1.808
evm.model.Seg1738.4	0.458	0.155	0.306	0.603	1.063	1.308	4.986	1.909	1.657	1.655	1.298	1.140	1.084	2.638	1.075	0.986	0.840	0.738
evm.model.Seg1741.9.3.57f48f78	0.466	0.000	1.626	0.469	3.889	0.393	0.179	0.416	0.833	0.530	0.000	0.107	0.000	0.274	0.000	0.603	0.000	0.000
evm.model.Seg1749.2.3.57f48f78	0.334	0.852	0.215	0.449	1.554	0.949	3.196	3.168	4.136	2.855	0.442	2.239	2.051	0.480	0.000	0.402	1.256	0.159
evm.model.Seg1749.2.4.57f48f78	2.949	1.382	1.799	1.232	3.689	3.831	57.682	18.667	20.311	15.557	4.184	8.326	5.972	5.893	2.900	3.415	4.869	11.426
evm.model.Seg1752.5	0.000	0.000	0.076	0.000	1.287	1.582	4.909	1.568	2.811	1.748	1.084	1.657	1.390	0.857	0.466	0.000	1.032	1.822
evm.model.Seg1756.16	0.132	0.387	0.271	0.422	0.885	0.949	1.074	0.096	0.090	0.149	0.283	0.238	0.281	0.274	0.426	1.224	0.285	0.824
evm.model.Seg1766.7	5.503	1.588	3.925	4.131	47.015	10.543	8.719	17.846	18.695	16.431	7.435	7.145	6.005	2.885	0.000	1.717	2.796	1.692
evm.model.Seg1770.8	0.536	1.214	0.236	0.529	9.616	15.426	2.301	3.755	3.745	3.348	3.445	3.125	2.523	4.632	1.399	1.644	3.251	1.982
evm.model.Seg1774.3	0.947	0.904	0.236	0.214	2.372	2.078	2.301	1.653	1.687	1.646	0.594	0.648	0.720	1.508	0.527	0.000	2.434	1.012
evm.model.Seg1775.11	0.264	0.349	0.229	1.225	2.209	3.489	1.943	2.667	2.349	2.725	1.560	1.468	1.464	0.774	0.345	0.402	0.909	0.738
evm.model.Seg1777.3	0.140	1.731	0.257	1.634	7.340	6.576	0.588	3.168	3.946	4.054	6.310	4.955	4.061	3.365	2.555	1.004	2.211	2.372
evm.model.Seg1778.9	1.265	3.035	1.237	1.098	7.474	9.748	4.117	4.992	4.628	4.370	5.157	5.472	5.864	3.118	1.318	1.278	6.163	0.506
evm.model.Seg1783.10	0.186	2.725	0.952	1.627	5.288	3.651	125.285	40.001	38.172	18.551	8.995	20.951	21.315	4.591	4.299	9.533	21.832	24.111
evm.model.Seg1783.9	11.393	8.937	9.949	14.107	110.682	166.631	1086.731	110.317	85.501	45.117	59.723	150.167	149.975	2.159	14.277	32.306	0.377	3.037
evm.model.Seg1784.13	0.155	0.762	0.097	0.000	12.724	6.439	34.031	61.238	74.216	43.062	23.873	50.909	40.083	4.523	1.541	4.054	12.480	0.680
evm.model.Seg1787.11	6.675	43.612	4.704	4.894	432.450	302.410	1646.217	735.522	758.977	348.832	56.285	270.631	212.308	56.390	65.829	134.191	99.924	93.594
evm.model.Seg1808.5	1.645	0.956	0.882	1.707	51.321	37.419	8.233	11.702	16.054	13.418	3.569	7.030	6.013	3.255	0.162	0.603	2.642	0.333
evm.model.Seg1809.4	1.607	0.478	1.744	1.513	11.326	13.374	4.500	11.883	10.532	9.094	4.218	9.007	7.055	16.734	0.365	0.730	3.289	2.459
evm.model.Seg1813.3	1.133	1.756	0.868	0.777	7.519	7.371	6.699	9.963	7.078	7.216	0.918	3.962	2.448	0.459	0.831	0.000	0.331	0.694
evm.model.Seg1813.4	0.761	4.468	2.571	2.678	29.308	11.843	2.659	11.264	17.199	14.218	34.401	19.491	13.763	20.291	5.658	0.000	8.466	5.482
evm.model.Seg1821.5	0.109	0.413	0.264	0.268	7.340	1.514	0.665	0.853	0.663	0.818	1.132	1.189	1.282	1.665	0.203	0.804	1.009	0.347
evm.model.Seg1821.6	0.334	0.801	0.681	1.560	28.974	13.707	1.585	4.000	4.116	6.816	5.813	5.964	5.509	14.370	0.183	1.297	11.609	0.448
evm.model.Seg1822.8	0.504	0.129	0.361	1.085	8.114	6.114	5.088	9.120	9.910	6.946	5.178	8.613	9.007	6.503	0.406	2.301	6.702	0.911
evm.model.Seg1825.5	0.000	0.478	0.028	0.670	5.020	5.669	0.307	7.819	8.835	9.094	8.498	7.325	7.171	5.187	0.507	0.676	4.753	0.853
evm.model.Seg1826.1	0.978	0.555	3.210	4.017	11.200	8.594	1.176	3.360	4.508	3.943	4.197	4.471	4.715	6.071	0.365	1.516	4.846	0.579
evm.model.Seg1831.2	0.427	2.092	7.538	18.734	10.977	1.231	27.307	17.686	12.781	7.737	1.353	1.411	1.365	3.104	6.814	11.414	0.508	2.329
evm.model.Seg1833.7	1.250	7.594	2.682	0.442	31.264	57.000	50.600	3.819	2.841	2.539	2.492	1.321	1.373	2.446	2.190	2.758	2.450	6.277
evm.model.Seg1840.9	0.132	0.336	0.195	0.040	4.566	2.702	0.563	4.320	3.966	2.985	0.849	0.697	1.117	0.596	0.000	0.000	2.542	0.000
evm.model.Seg1852.8	0.861	0.839	1.355	1.440	26.728	45.157	47.813	5.835	4.799	4.352	5.537	10.607	7.891	0.487	1.967	1.023	0.277	1.490
evm.model.Seg1864.1	0.186	1.124	0.201	0.234	0.201	0.120	6.111	5.109	2.972	3.273	0.856	1.690	1.563	0.432	0.000	0.201	0.077	0.304
evm.model.Seg1864.2	74.865	38.097	51.406	63.842	83.842	78.565	803.382	276.688	164.456	197.030	64.328	163.875	106.278	20.147	69.135	126.429	54.488	653.349
evm.model.Seg1887.3	1.133	0.349	3.189	5.002	2.053	3.797	43.722	8.917	6.436	6.053	2.969	3.831	4.930	2.028	3.590	7.433	2.219	2.300
evm.model.Seg1887.4	1.467	1.343	2.314	3.093	4.574	4.233	12.835	11.798	10.783	9.847	7.180	6.456	7.610	3.001	4.948	7.141	3.767	1.765
evm.model.Seg1891.14	0.303	0.000	0.000	0.388	16.361	18.367	105.239	23.179	23.946	12.219	1.084	2.445	3.689	5.592	12.087	24.289	21.948	5.265
evm.model.Seg1894.3	0.567	4.765	1.417	5.678	26.453	8.782	9.460	13.536	14.036	9.113	1.450	1.485	2.374	11.519	6.327	38.022	1.972	7.000
evm.model.Seg1905.4	0.536	0.000	2.147	0.181	102.226	0.000	0.000	0.000	0.000	0.000	1.947	1.649	1.472	4.393	0.000	0.000	13.566	0.000
evm.model.Seg1905.4.1.57f48f78	18.464	6.147	29.430	1.513	226.785	329.815	259.544	5.237	5.422	5.858	11.004	17.071	5.591	6.942	18.475	18.116	7.426	10.515
evm.model.Seg19097.1	0.000	0.000	0.000	0.964	5.726	1.804	0.972	6.101	5.201	6.583	3.445	0.517	1.414	2.768	0.994	0.000	3.035	0.000
evm.model.Seg1923.4	4.851	0.749	7.469	11.409	24.400	28.047	2.838	16.203	14.478	13.734	7.097	6.595	1.315	1.144	0.000	0.785	0.863	6.263
evm.model.Seg1928.4	0.396	3.216	0.000	0.094	4.507	37.547	0.358	0.000	0.231	0.177	1.146	0.746	1.084	5.400	1.845	5.753	1.271	1.967
evm.model.Seg1932.2.2.57f48f78	0.419	0.000	0.000	0.000	4.246	3.001	1.023	1.515	0.030	0.000	0.614	0.000	0.480	0.000	0.000	0.000	0.000	0.000
evm.model.Seg1985.5	0.838	1.834	0.618	1.078	7.890	10.543	7.466	0.821	0.572	0.911	2.009	1.050	0.993	2.515	0.365	0.292	7.110	1.417
evm.model.Seg1999.9	0.202	1.330	0.987	0.757	1.651	1.915	36.077	17.206	9.307	6.463	1.871	1.034	1.150	9.566	2.677	0.804	2.350	0.434
evm.model.Seg2006.7	0.078	1.214	0.285	0.094	0.164	0.898	10.892	1.728	1.867	0.762	0.207	0.107	0.223	0.466	0.000	0.840	0.039	0.043
evm.model.Seg2025.6	15.980	33.254	16.515	14.348	124.157	105.945	498.710	284.421	308.019	174.072	85.632	141.972	109.297	64.065	64.187	74.839	142.248	115.376
evm.model.Seg2061.7	1.304	2.919	1.403	1.687	5.719	5.806	12.963	12.768	9.628	9.531	5.516	11.329	10.554	4.345	1.034	3.305	6.101	2.748
evm.model.Seg206.2	1.754	3.551	1.786	2.578	20.964	9.474	15.776	1.547	1.335	1.283	1.940	4.003	2.663	1.199	1.683	0.913	0.647	2.054
evm.model.Seg2070.5	19.380	5.153	7.747	9.601	92.834	39.650	215.822	190.019	110.079	94.940	10.949	40.081	43.805	3.447	2.697	9.022	37.124	12.685
evm.model.Seg2092.8	0.264	0.491	0.285	1.044	3.399	4.883	5.267	4.363	5.673	5.198	3.749	3.667	3.209	2.899	0.000	1.424	2.974	0.087
evm.model.Seg2093.3	6.411	14.942	96.114	74.588	14.650	42.216	139.987	45.857	36.656	22.512	8.063	6.497	4.648	13.911	7.078	11.925	5.916	7.680
evm.model.Seg2105.2	253.450	570.283	620.684	251.543	71.237	200.184	1123.396	364.476	323.982	206.924	85.045	105.435	101.456	413.363	303.938	354.013	99.316	112.454
evm.model.Seg2105.4	9.329	1.072	6.871	3.991	63.555	53.537	24.060	31.745	27.128	33.633	4.577	29.285	24.847	9.422	0.223	6.246	11.232	0.694
evm.model.Seg2110.2.1.57f48f79	0.815	0.323	1.126	0.957	8.976	2.796	3.861	9.590	6.436	4.947	2.651	7.662	5.310	2.248	0.000	0.694	1.988	2.112
evm.model.Seg2114.1	0.116	0.297	0.313	0.596	2.826	2.386	0.690	1.515	1.727	1.469	1.291	1.542	1.952	0.274	0.000	0.000	0.146	0.043
evm.model.Seg2178.6	0.295	0.517	0.139	0.750	5.369	5.729	11.966	2.752	2.279	3.394	3.217	1.362	0.811	0.000	0.892	0.566	0.370	0.130
evm.model.Seg2184.2.2.57f48f79	0.737	0.000	0.000	0.308	0.201	0.599	2.787	0.000	0.000	0.577	0.000	0.000	0.000	1.302	1.460	0.000	0.000	1.360
evm.model.Seg2234.1	0.776	2.273	0.167	0.596	17.900	17.298	25.952	36.310	39.749	18.179	9.403	18.006	10.438	0.445	1.460	0.968	7.419	0.159
evm.model.Seg223.6.1.57f48f79	0.287	0.000	0.299	0.000	0.803	1.026	0.000	0.085	0.110	0.093	0.463	0.558	0.546	0.000	0.000	0.000	0.354	0.087
evm.model.Seg2245.2	3.617	0.000	6.962	7.733	0.677	0.009	5.088	18.966	18.705	7.699	0.000	0.000	0.000	26.088	0.000	0.000	4.953	0.506
evm.model.Seg2261.1.1.57f48f79	0.085	1.459	0.292	0.000	2.432	0.932	3.324	3.723	2.881	2.427	0.967	2.773	2.490	0.000	0.406	1.516	0.840	0.738
evm.model.Seg22845.1	1264.239	1827.736	1129.017	979.418	4789.690	4833.321	6171.146	1675.987	1571.519	1608.825	1061.445	780.662	506.535	1443.131	1827.667	1474.675	1958.068	1356.106
evm.model.Seg2284.6	0.000	0.000	0.000	0.000	6.329	55.854	185.728	19.531	12.560	0.000	0.000	16.710	13.739	21.058	0.000	12.802	12.388	15.447
evm.model.Seg2284.8	9.112	8.343	17.814	5.048	182.938	345.027	178.339	101.463	53.303	34.666	12.640	41.319	19.620	2.453	11.661	8.255	2.704	22.375
evm.model.Seg2285.1	8.654	3.732	15.382	0.790	12.256	5.686	4.372	6.208	5.502	5.254	0.656	1.542	1.497	13.075	14.257	4.401	9.830	7.159
evm.model.Seg2289.1	0.745	0.814	0.674	0.937	5.563	2.659	1.713	1.920	2.209	1.358	3.148	3.306	3.830	1.425	0.608	0.566	2.273	0.391
evm.model.Seg229.1	1.180	0.981	0.938	0.328	16.480	9.919	1.483	3.445	4.287	4.184	1.567	1.870	2.481	0.000	0.000	0.000	0.062	0.000
evm.model.Seg2293.14	0.567	1.731	0.730	1.486	2.149	9.218	10.943	2.571	2.369	1.330	0.518	0.328	0.471	0.459	0.142	0.511	0.470	0.087
evm.model.Seg2293.6	1.700	1.020	0.695	1.111	3.942	4.412	1.662	4.171	3.183	2.706	0.704	1.518	1.547	4.838	0.365	0.785	2.095	0.463
evm.model.Seg2327.3	0.210	1.821	0.257	2.310	20.771	44.165	15.827	17.632	22.168	19.834	14.325	13.379	15.128	7.634	0.000	0.767	12.295	2.386
evm.model.Seg2345.2	89.494	41.481	68.435	83.587	546.285	185.400	502.264	273.317	305.087	280.365	143.843	111.095	12.597	82.005	411.220	264.656	134.699	202.852
evm.model.Seg2355.3	1.614	1.834	0.820	0.000	15.097	3.668	0.000	10.902	12.620	9.559	0.000	0.000	1.290	0.000	0.000	0.000	0.000	0.000
evm.model.Seg2370.3	0.179	1.214	0.285	0.449	6.202	10.099	51.162	49.484	52.841	36.563	22.312	41.073	31.299	1.919	2.494	9.405	7.388	3.934
evm.model.Seg2388.6	0.101	0.194	0.104	0.114	2.439	1.915	1.713	0.789	0.462	0.437	1.353	0.648	0.819	0.802	0.000	0.365	0.362	0.246
evm.model.Seg2397.1	0.000	2.015	0.000	1.038	2.000	1.744	0.000	1.643	3.634	2.920	0.000	0.000	0.000	2.899	0.000	0.000	3.151	4.397
evm.model.Seg2404.2	0.000	0.000	0.000	0.201	12.092	10.500	0.716	2.379	2.831	2.743	3.300	2.010	1.141	0.603	0.000	0.000	5.839	0.101
evm.model.Seg2407.1	0.140	0.194	0.000	0.000	0.744	0.693	0.460	0.821	0.934	0.902	0.428	0.656	0.488	0.480	0.000	1.297	0.331	0.333
evm.model.Seg2418.4	0.000	0.865	0.222	0.000	1.063	1.873	8.744	5.984	9.357	4.649	0.428	2.453	1.712	0.000	0.000	0.000	0.000	0.000
evm.model.Seg2489.3	1.381	2.492	3.932	0.803	1.614	0.239	99.077	27.574	11.656	17.844	8.077	15.307	17.742	11.992	2.413	5.899	21.008	7.680
evm.model.Seg2496.5	3.819	4.791	1.869	2.571	10.382	14.759	32.830	11.680	14.237	11.503	12.544	18.843	27.940	5.784	1.582	6.885	13.859	2.300
evm.model.Seg2497.2.1.57f48f79	0.000	0.000	0.000	1.011	7.422	2.480	0.000	0.000	0.793	0.577	1.091	1.075	1.108	0.000	0.000	0.000	0.000	0.000
evm.model.Seg2506.7	17.393	17.680	7.879	4.673	35.265	55.350	77.421	70.956	64.738	56.350	20.497	23.912	20.769	5.777	14.257	13.131	3.713	9.908
evm.model.Seg25.1	0.000	0.000	0.000	0.000	0.684	0.616	3.707	1.365	1.275	0.502	0.297	0.328	0.331	0.240	0.000	0.219	0.000	0.000
evm.model.Seg2518.2	0.373	0.529	0.236	0.000	29.673	23.806	3.784	3.200	2.741	2.734	3.790	7.063	5.054	2.529	0.466	0.000	3.752	2.227
evm.model.Seg2540.2	3.128	3.009	1.973	1.721	3.153	4.797	9.895	10.496	9.438	8.769	6.400	6.177	7.188	3.385	8.376	7.962	5.778	4.296
evm.model.Seg2553.3	0.000	0.181	0.000	0.288	0.312	0.000	0.563	0.224	0.191	0.205	0.000	0.000	0.000	0.000	0.203	0.000	0.185	0.000
evm.model.Seg2565.3	1.180	5.501	2.654	4.352	58.832	61.472	16.338	17.664	15.231	16.012	25.378	27.046	24.326	10.964	4.056	5.935	11.856	7.854
evm.model.Seg2604.6	1.451	0.697	1.786	0.957	2.707	2.676	17.872	6.795	10.753	6.611	2.534	4.348	3.127	0.000	0.000	0.931	0.069	1.475
evm.model.Seg2617.1	14.552	10.887	8.351	18.212	425.124	85.124	19.304	38.294	27.921	81.206	106.129	132.374	121.224	0.000	14.723	8.236	4.121	13.133
evm.model.Seg2624.1.1.57f48f79	0.000	0.000	0.000	0.415	0.498	0.710	0.000	0.149	0.602	0.158	0.276	0.000	0.141	0.000	0.000	0.000	0.431	0.000
evm.model.Seg2637.2	0.993	0.917	2.703	9.802	18.495	16.862	2.071	9.504	9.719	8.620	9.996	7.941	7.312	3.454	1.845	4.620	1.348	2.705
evm.model.Seg27.2	0.442	0.504	0.521	0.676	2.722	4.498	0.844	2.464	2.460	2.334	1.512	1.460	1.390	2.748	0.406	0.000	1.957	0.550
evm.model.Seg27.2.1.57f48f7a	0.404	0.065	0.243	0.710	7.050	5.883	0.690	1.664	1.998	1.655	1.250	1.132	1.646	1.857	0.000	0.329	1.641	0.304
evm.model.Seg2730.4	10.734	8.782	7.490	10.191	116.401	102.362	57.426	55.713	53.423	38.459	21.284	37.185	42.614	5.551	7.118	13.478	12.649	10.414
evm.model.Seg2731.3	1.684	2.376	1.056	0.924	4.388	4.079	3.043	8.192	6.707	7.430	3.183	1.977	3.400	4.009	1.886	0.000	3.921	2.025
evm.model.Seg2754.4	0.000	0.181	0.111	0.060	1.138	1.257	0.665	1.803	2.018	1.339	1.767	1.157	1.315	1.048	0.000	0.858	1.633	0.174
evm.model.Seg2758.3	0.349	0.220	0.111	0.281	2.097	0.616	5.063	8.085	3.494	2.873	0.677	1.526	2.192	0.000	0.162	0.000	0.547	1.215
evm.model.Seg2770.4	0.520	0.865	0.438	1.279	3.347	3.993	2.864	3.669	3.514	3.162	1.008	1.961	2.564	2.967	0.000	0.256	1.425	0.940
evm.model.Seg2783.2	1.001	5.088	0.493	0.636	2.038	0.333	17.642	5.867	2.630	3.124	1.609	2.264	2.680	1.631	3.671	2.703	5.693	3.630
evm.model.Seg2789.1	12.814	4.081	10.630	14.918	37.920	38.180	15.878	27.766	27.229	25.841	28.408	26.398	30.091	5.907	2.515	1.461	5.393	6.017
evm.model.Seg2792.1	0.000	0.000	0.000	1.453	1.681	2.086	0.000	1.195	0.402	0.632	0.352	1.280	0.256	0.000	0.000	0.000	0.000	0.000
evm.model.Seg2796.1	1.226	2.609	1.681	1.533	7.050	5.336	51.750	20.363	20.381	14.497	3.894	10.730	8.098	8.908	5.232	5.826	6.641	8.620
evm.model.Seg284.5	0.450	5.062	0.285	0.562	9.735	42.831	8.617	3.179	2.309	2.780	1.153	0.984	0.273	1.521	2.089	0.877	2.804	3.544
evm.model.Seg2850.2	0.000	0.077	0.736	0.951	0.848	1.095	6.367	2.048	1.245	1.265	0.324	1.099	1.406	0.000	0.000	0.000	0.000	0.000
evm.model.Seg2871.1	0.000	0.594	0.014	0.020	0.015	0.000	1.764	0.725	0.894	0.558	0.035	0.492	0.744	0.658	0.142	0.055	0.501	0.000
evm.model.Seg2883.2	0.520	0.788	0.327	0.134	0.327	0.060	4.577	2.027	2.379	1.897	1.898	1.559	1.274	1.261	0.548	0.676	0.609	1.417
evm.model.Seg2889.4	0.784	0.633	1.126	1.312	0.647	0.000	11.915	6.485	3.795	4.566	4.080	6.431	7.361	0.000	3.083	3.050	1.209	4.166
evm.model.Seg2891.1.1.57f48f7a	0.054	0.000	0.049	0.000	0.134	0.316	0.051	0.000	0.000	0.000	0.000	0.000	0.058	0.000	0.000	0.000	0.054	0.000
evm.model.Seg2923.3	0.753	0.465	0.243	0.375	2.410	2.112	0.690	2.144	0.863	1.181	0.476	0.968	0.670	4.125	0.081	0.000	1.356	0.376
evm.model.Seg2952.7	6.613	5.618	5.836	6.454	154.462	25.293	222.189	38.219	46.787	27.682	14.339	35.265	55.095	0.000	0.000	7.122	0.000	0.000
evm.model.Seg2962.2	0.000	0.052	0.125	0.402	1.904	1.206	0.000	0.000	0.000	0.000	0.835	0.000	0.058	0.000	0.284	0.457	0.000	0.000
evm.model.Seg3093.3	0.000	0.000	0.000	0.114	1.086	1.385	0.000	1.440	0.793	1.060	0.000	0.123	0.000	0.000	0.000	0.000	0.146	0.000
evm.model.Seg315.1	0.807	0.943	0.396	0.737	3.205	2.035	0.384	2.400	1.837	4.277	1.367	2.330	2.084	0.000	0.000	0.000	2.588	0.000
evm.model.Seg3163.5.1.57f48f7a	0.000	0.000	0.000	0.000	0.409	0.581	0.000	0.896	0.241	0.288	0.000	0.000	0.000	0.000	0.000	0.000	0.000	0.000
evm.model.Seg3166.3.1.57f48f7a	0.132	0.000	0.000	0.824	1.101	1.804	3.043	2.037	1.536	1.488	1.332	0.000	0.232	2.549	2.778	0.000	1.186	0.000
evm.model.Seg3189.1	0.551	2.957	0.896	0.971	30.811	22.839	125.566	17.302	13.885	4.770	45.177	56.618	53.656	0.809	1.480	4.346	0.277	7.984
evm.model.Seg3.20	0.768	0.542	0.243	0.174	11.787	5.832	0.793	4.021	4.197	3.766	0.939	1.370	1.183	0.000	0.000	0.000	0.000	0.000
evm.model.Seg3.21	0.310	0.659	0.097	0.141	9.705	10.167	2.813	9.686	6.817	4.528	0.476	2.559	1.166	0.000	0.000	0.000	0.177	0.188
evm.model.Seg323.6	0.062	0.904	0.139	0.576	4.388	5.797	5.548	2.005	1.717	1.702	2.347	2.371	2.060	0.980	3.306	2.374	2.249	0.347
evm.model.Seg323.8	0.016	0.207	0.014	0.040	7.229	1.231	1.125	1.280	1.054	0.893	1.284	2.477	2.912	1.597	0.771	0.183	0.716	0.651
evm.model.Seg3242.3	0.093	0.375	0.188	0.107	0.171	0.248	0.332	0.587	0.552	0.372	0.090	0.074	0.066	0.000	1.399	0.000	0.200	0.289
evm.model.Seg3268.1	0.993	0.891	0.111	0.395	3.525	2.138	3.989	5.653	3.835	4.631	1.029	1.600	1.960	0.295	0.000	0.402	0.655	0.202
evm.model.Seg3268.2	1.676	2.234	0.292	0.341	2.900	2.839	8.668	8.725	5.572	5.895	0.456	0.968	1.439	0.000	0.000	0.566	1.102	0.781
evm.model.Seg330.17	0.062	0.168	0.153	0.649	0.402	0.633	2.352	1.429	1.647	1.330	0.545	0.738	0.629	0.206	0.892	0.000	0.416	0.072
evm.model.Seg3312.4	0.295	0.387	0.792	2.430	3.495	11.757	9.128	3.275	3.855	2.027	0.649	0.361	0.347	0.000	0.000	0.000	0.347	0.174
evm.model.Seg3373.2	0.171	0.116	0.111	0.161	34.358	0.197	0.153	3.872	2.902	3.552	2.202	4.069	5.715	4.687	3.853	5.753	5.015	3.515
evm.model.Seg3395.2	1.234	4.843	0.764	1.674	3.674	2.428	8.668	6.752	5.994	6.918	2.161	4.282	3.838	6.202	1.136	1.552	4.191	4.325
evm.model.Seg340.3	0.388	0.542	0.243	0.355	41.750	23.669	4.832	10.262	8.564	6.900	2.202	5.266	4.888	3.940	0.000	0.000	0.000	0.463
evm.model.Seg3407.2	0.085	0.181	0.236	0.054	0.097	0.932	1.483	0.000	0.000	0.019	0.131	0.033	0.000	0.000	0.162	0.274	0.100	0.217
evm.model.Seg3409.2	0.248	2.764	0.521	0.603	3.347	1.505	14.753	8.096	6.054	5.244	2.396	2.961	5.401	3.070	1.805	3.196	3.135	0.810
evm.model.Seg3410.1	35.818	33.435	23.726	14.677	97.065	111.623	249.240	73.623	79.196	68.578	41.898	56.963	61.191	37.826	108.681	122.704	44.258	37.837
evm.model.Seg3452.1	0.070	0.349	0.028	0.087	0.030	0.009	0.563	2.240	2.540	1.451	0.656	0.172	0.132	0.404	3.225	1.680	0.085	0.318
evm.model.Seg350.24	0.000	1.421	0.000	0.924	700.115	1.522	9.946	22.304	37.901	12.181	3.072	6.038	6.898	3.426	0.000	3.050	0.000	0.000
evm.model.Seg3516.1	1.032	5.915	0.521	2.330	28.580	29.663	113.293	42.635	38.012	33.922	11.909	19.843	22.862	3.043	21.071	24.855	9.214	11.311
evm.model.Seg352.5	0.000	0.000	0.000	3.375	24.274	4.917	0.000	0.000	0.733	0.000	3.521	5.299	5.294	0.000	0.000	0.000	0.000	0.000
evm.model.Seg3588.3	13.893	1.317	8.865	6.990	16.807	27.072	10.713	11.798	13.454	7.374	1.277	0.705	0.471	9.443	0.690	0.950	3.975	0.304
evm.model.Seg3597.1	10.392	0.000	5.648	7.613	7.757	13.049	15.443	6.805	4.990	3.747	1.270	0.779	0.000	22.600	0.000	0.000	6.240	2.502
evm.model.Seg3597.2	1.335	0.000	1.681	0.000	387.992	837.445	6204.206	173.187	67.228	53.877	2.451	6.530	4.591	0.000	9.998	0.000	3.120	1.605
evm.model.Seg363.11.1.57f48f7b	0.000	1.124	0.368	0.000	9.326	10.364	7.952	5.632	2.791	2.752	1.816	4.528	2.630	0.000	1.318	3.452	1.117	4.108
evm.model.Seg3659.2	0.000	0.000	0.000	0.000	1.458	0.727	4.219	2.677	2.098	2.548	0.262	1.665	0.653	0.610	0.000	0.694	1.972	0.419
evm.model.Seg3715.2	0.644	4.481	0.681	0.187	191.170	199.013	481.707	228.495	251.543	121.757	26.751	120.316	88.462	30.549	9.187	25.713	111.603	21.666
evm.model.Seg3730.2.1.57f48f7b	0.000	0.000	4.954	7.184	50.830	27.525	70.773	46.102	38.875	21.434	6.048	26.381	21.944	15.720	0.000	0.000	5.724	0.795
evm.model.Seg3730.2.2.57f48f7b	16.555	8.536	9.379	9.862	32.863	35.204	105.776	75.084	48.142	41.323	3.907	44.789	34.872	11.471	2.494	20.983	11.725	2.502
evm.model.Seg376.12.1.57f48f7b	0.000	0.000	0.042	0.000	202.013	0.043	0.000	0.000	0.000	0.000	0.104	0.049	0.000	0.418	0.000	0.000	0.000	0.000
evm.model.Seg3765.2	6.038	4.662	10.783	10.278	22.838	19.590	4.551	19.275	23.423	15.659	9.934	12.132	11.902	11.142	0.284	2.977	8.174	1.027
evm.model.Seg378.21_evm.model.Seg378.17	1.863	1.020	7.114	7.700	18.414	31.604	3.298	10.944	9.920	8.415	4.915	11.525	8.710	8.257	2.799	3.178	8.266	0.087
evm.model.Seg381.10	14.343	50.224	9.088	2.752	59.926	43.969	171.794	105.751	101.394	63.361	21.739	49.974	43.582	24.443	8.639	30.425	100.348	84.381
evm.model.Seg3816.1	0.745	0.116	0.896	0.931	8.285	3.172	2.966	2.539	3.775	2.129	0.304	0.459	0.265	0.233	0.000	0.201	0.000	0.000
evm.model.Seg3840.3	0.000	0.000	0.188	0.589	2.573	0.000	0.000	0.000	0.000	0.000	0.041	0.238	0.778	0.000	0.000	0.000	0.000	0.000
evm.model.Seg385.18	0.233	0.220	0.049	0.194	1.829	1.924	0.997	1.056	1.044	1.376	1.395	0.976	1.191	0.000	0.183	0.840	0.054	4.542
evm.model.Seg3858.9	0.691	0.491	0.438	0.636	5.816	6.028	4.474	6.315	6.335	4.873	4.453	5.472	5.045	0.473	0.000	0.000	0.485	0.174
evm.model.Seg387.2	58.310	53.956	124.850	138.148	330.566	139.499	209.098	309.712	197.699	180.748	83.575	96.248	82.639	131.269	110.770	137.442	69.826	570.776
evm.model.Seg387.7	0.000	1.782	0.000	0.000	174.408	1.223	108.921	62.412	40.140	25.060	0.000	4.495	10.968	0.000	0.000	4.547	0.000	0.000
evm.model.Seg3951.1	0.334	5.166	3.064	3.053	1.599	2.907	23.190	10.688	10.592	8.164	3.956	1.550	0.811	10.142	14.196	7.871	4.337	10.341
evm.model.Seg397.16	14.428	14.593	10.394	2.390	17.677	16.093	24.801	33.387	31.455	29.179	11.412	10.467	13.540	9.964	8.984	9.204	11.571	26.859
evm.model.Seg3993.3	0.000	0.155	0.000	0.000	3.793	0.599	0.000	1.269	1.566	1.413	0.000	0.320	0.256	0.000	0.000	0.000	0.000	0.000
evm.model.Seg399.5	0.000	0.000	0.333	0.321	1.063	1.719	0.588	1.269	1.335	1.869	0.594	0.656	1.795	0.000	0.000	0.000	1.625	0.419
evm.model.Seg4019.1	0.000	1.395	0.118	0.576	2.915	4.814	6.188	6.133	5.974	5.282	3.148	2.699	2.109	0.000	4.766	0.822	0.000	0.434
evm.model.Seg4029.1	1.754	6.638	2.800	4.814	37.020	35.161	589.145	286.842	447.776	199.150	70.810	169.371	149.330	19.413	39.323	83.166	22.980	0.000
evm.model.Seg4030.1	1.265	35.618	1.911	22.959	1718.524	1767.650	2894.335	1269.398	1578.918	1115.008	334.430	972.042	1008.670	66.929	37.356	168.688	260.323	14.493
evm.model.Seg4035.2.1.57f48f7b	0.023	0.142	0.000	0.000	0.640	0.282	0.000	0.128	0.191	0.214	0.055	0.107	0.017	0.000	0.000	0.438	0.000	0.202
evm.model.Seg406.1.1.57f48f7b	0.000	0.659	0.000	0.000	1.710	1.941	3.656	1.664	0.331	0.809	0.000	0.000	0.910	0.000	0.000	0.000	2.473	0.000
evm.model.Seg4111.1	0.031	0.129	0.090	0.241	23.099	14.896	6.469	3.701	3.976	3.803	5.723	8.154	9.264	1.144	0.345	3.598	0.347	1.822
evm.model.Seg418.3	0.435	1.433	0.271	1.922	24.274	13.279	9.307	40.331	39.728	24.976	6.752	7.760	9.983	3.940	1.622	3.068	10.955	0.955
evm.model.Seg4245.2	2.825	9.983	4.919	7.070	4.224	4.489	21.094	14.688	11.948	10.359	1.857	2.354	1.423	12.643	12.939	5.479	17.611	25.456
evm.model.Seg4260.2	1.281	1.175	0.806	0.857	4.232	3.249	4.858	3.627	2.932	3.078	1.754	2.395	1.580	3.851	3.306	1.936	1.664	2.690
evm.model.Seg4283.1	1.475	0.323	0.855	0.830	7.177	6.182	4.117	6.379	5.693	6.128	3.321	2.338	2.754	1.158	0.426	2.064	2.111	2.849
evm.model.Seg4300.2	47.118	63.577	28.194	16.478	606.277	527.716	1406.411	810.713	982.369	413.393	100.226	354.360	212.564	65.120	180.412	154.992	179.480	86.507
evm.model.Seg432.2	4.284	11.287	2.362	6.515	19.336	1.864	131.677	29.473	47.821	13.037	6.690	6.833	7.601	1.131	8.153	6.921	2.095	7.188
evm.model.Seg4357.2	2.833	1.175	8.921	13.652	8.203	11.809	45.128	28.043	20.954	14.041	5.012	5.340	5.914	2.535	7.281	10.994	2.165	3.298
evm.model.Seg4370.2	0.000	0.129	0.000	0.000	0.238	0.154	0.153	0.160	0.131	0.242	0.055	0.139	0.207	0.000	0.162	0.000	0.046	0.029
evm.model.Seg438.3	0.450	1.937	0.403	0.529	1.339	0.898	1.969	1.995	1.747	1.386	0.856	1.050	1.009	0.617	1.176	0.274	0.139	1.793
evm.model.Seg438.5	0.404	0.736	0.382	1.306	31.495	16.640	3.631	6.752	11.697	12.014	21.919	23.117	25.194	9.374	1.014	4.438	5.778	5.221
evm.model.Seg446.15	4.222	3.190	0.723	0.830	5.830	9.158	10.202	5.813	4.388	4.873	2.630	4.676	4.615	8.531	1.318	2.155	3.705	3.081
evm.model.Seg4464.2	0.706	0.000	6.253	4.546	24.147	22.053	11.685	19.595	17.580	28.333	3.466	8.786	8.751	0.000	0.000	0.000	0.000	0.000
evm.model.Seg4489.2	5.037	2.208	4.266	5.055	2.945	2.625	1.509	3.115	2.590	1.683	0.746	0.107	0.430	2.666	1.278	7.670	0.493	1.273
evm.model.Seg4492.1	1.987	5.282	1.473	3.314	27.122	25.567	25.722	17.910	13.273	12.981	3.790	4.905	4.624	3.933	1.622	2.045	1.718	2.951
evm.model.Seg454.4	0.000	0.000	0.000	0.000	1.071	0.710	1.048	0.533	0.382	0.372	0.249	0.115	0.141	0.000	0.122	0.000	0.193	0.000
evm.model.Seg4582.5.2.57f48f7b	0.000	0.000	4.523	1.681	4.343	1.300	0.026	0.971	0.843	0.939	0.483	0.861	0.827	4.468	0.000	0.000	0.000	0.477
evm.model.Seg4587.1	0.000	1.227	0.000	0.000	0.297	0.282	3.477	1.984	1.888	1.590	1.208	0.746	1.191	0.000	0.000	0.749	0.871	0.000
evm.model.Seg4598.3	0.000	0.594	0.382	0.268	2.000	0.513	3.401	4.437	4.126	2.920	0.925	1.993	3.664	0.000	0.000	0.000	1.464	0.000
evm.model.Seg4613.2	32.170	19.346	35.787	30.170	101.259	110.853	116.131	101.239	120.059	133.595	124.257	130.914	120.637	74.221	28.636	48.797	65.443	55.150
evm.model.Seg4639.1	0.124	0.168	0.472	1.379	11.178	6.781	1.125	6.912	5.723	3.915	0.304	1.796	1.398	1.535	0.000	0.000	0.655	0.000
evm.model.Seg4646.3	0.000	0.000	0.000	0.696	72.918	36.384	31.423	41.430	33.102	31.485	25.578	44.215	41.232	5.187	5.699	0.000	3.551	13.726
evm.model.Seg4703.1	3.128	1.136	1.355	2.404	4.655	6.328	2.506	14.667	10.251	7.755	3.272	1.616	0.753	1.035	0.000	4.602	0.585	4.947
evm.model.Seg4739.1	0.000	3.293	0.000	0.000	0.022	0.000	42.367	26.155	24.909	37.158	25.378	11.517	0.480	23.032	17.441	19.522	19.190	2.734
evm.model.Seg4743.1.1.57f48f7b	1.653	2.841	3.481	3.221	2.372	3.181	2.148	2.197	1.847	1.079	0.918	0.886	0.347	0.000	6.246	6.921	2.342	0.940
evm.model.Seg4825.4	0.528	3.099	0.924	1.446	10.791	9.902	1.509	25.483	22.138	16.775	0.918	2.773	3.565	0.000	0.000	1.607	0.000	2.936
evm.model.Seg4827.3	0.000	3.138	0.000	0.790	11.780	12.903	0.972	0.651	1.406	0.874	0.000	0.000	0.165	0.000	0.000	0.000	0.000	1.360
evm.model.Seg48.8	99.964	147.933	45.028	48.315	418.491	358.854	491.321	228.793	222.949	188.764	66.488	130.381	118.726	208.347	45.387	47.043	146.801	74.314
evm.model.Seg4897.2	2.088	12.217	1.202	2.069	1.435	2.309	34.236	11.168	11.004	8.787	6.241	4.840	4.888	0.589	9.288	8.072	0.709	6.277
evm.model.Seg490.1	0.233	0.659	0.354	0.127	48.845	77.171	31.730	2.667	3.373	1.823	0.663	0.870	0.273	0.315	0.183	0.000	0.054	0.217
evm.model.Seg4913.2	1.187	0.659	0.855	2.015	4.254	6.191	9.588	7.680	9.408	5.923	1.332	2.994	3.102	1.932	0.446	1.333	2.319	1.692
evm.model.Seg4955.2	0.264	1.718	0.410	0.241	6.552	4.660	2.915	4.672	4.990	3.636	1.505	3.855	1.183	4.996	1.501	0.000	0.578	0.347
evm.model.Seg5010.2	3.850	5.049	3.627	2.544	2.499	5.584	0.920	4.331	4.086	2.957	0.435	0.000	0.000	6.585	3.833	0.000	1.140	0.000
evm.model.Seg503.18	0.745	20.818	5.912	11.951	269.993	570.505	9652.632	1171.242	448.670	691.694	8.933	18.063	60.091	14.438	32.935	59.882	71.452	30.663
evm.model.Seg5059.1	2.189	1.769	3.411	5.156	22.533	13.297	2.148	23.627	11.877	10.154	5.468	4.528	8.222	6.393	0.000	1.260	8.243	0.622
evm.model.Seg508.9	1.901	1.640	7.073	12.949	134.197	68.595	33.137	23.104	20.391	19.146	9.106	12.395	15.070	25.081	4.178	2.009	18.188	16.836
evm.model.Seg511.7	0.000	9.789	0.000	0.000	22.362	0.000	3.349	23.019	27.891	16.896	12.986	0.328	0.058	4.934	0.466	2.137	13.628	0.000
evm.model.Seg5129.1	0.000	0.168	0.000	0.000	1.212	3.309	70.952	2.027	1.365	2.074	0.442	3.183	5.079	0.000	0.000	0.000	0.000	0.000
evm.model.Seg5129.3	0.621	1.317	0.736	0.569	2.670	9.432	35.489	3.456	5.261	3.803	1.429	3.150	3.921	1.172	0.507	0.621	0.963	0.738
evm.model.Seg5190.2	1.281	3.461	0.646	1.687	3.428	5.122	8.770	7.051	6.817	4.222	1.747	1.460	1.050	0.000	1.521	0.621	0.000	0.738
evm.model.Seg523.3	7.133	7.051	7.906	9.849	14.665	15.699	29.020	25.974	29.638	23.256	17.784	27.513	29.727	19.372	6.490	15.797	24.398	7.159
evm.model.Seg5352.1	2.026	7.297	19.877	14.590	0.937	7.833	57.554	15.126	11.466	7.755	0.987	1.132	0.455	0.781	7.706	12.163	1.464	4.498
evm.model.Seg539.12	2.142	0.504	4.759	4.694	3.242	2.916	0.563	1.899	2.199	1.544	0.442	0.558	0.000	6.716	0.000	0.000	3.428	0.781
evm.model.Seg539.3	0.132	1.033	0.271	0.127	31.383	28.004	201.146	15.051	16.948	13.892	9.983	12.157	10.761	11.691	29.143	34.589	2.535	5.337
evm.model.Seg5401.2	0.970	0.878	2.418	36.531	2.759	2.770	73.177	6.805	4.518	4.668	1.581	2.641	2.291	2.734	5.232	7.597	2.519	2.719
evm.model.Seg543.11	0.714	0.994	0.195	0.147	4.663	3.480	0.895	2.859	1.536	1.451	0.069	0.845	0.769	0.281	0.000	0.000	0.092	0.911
evm.model.Seg555.9.1.57f48f7c	0.000	0.000	0.000	0.000	0.283	0.547	0.000	0.000	0.211	0.316	0.331	0.345	0.199	0.000	0.000	0.000	0.000	0.202
evm.model.Seg5714.4	13.598	4.856	1.890	0.000	2.759	11.356	210.606	30.678	24.317	17.361	6.779	25.258	40.041	17.207	21.923	36.433	16.132	0.000
evm.model.Seg571.5	0.000	0.865	0.000	0.000	0.037	0.000	5.702	2.891	3.283	1.618	0.228	1.485	2.920	3.228	2.474	2.009	1.548	0.116
evm.model.Seg57.4	0.000	0.000	0.382	2.732	20.860	28.500	2.710	6.741	6.687	6.463	2.147	3.609	4.442	0.260	0.000	0.000	0.177	0.000
evm.model.Seg577.3	0.419	1.175	0.521	0.683	35.883	9.962	11.046	21.536	17.871	13.381	3.756	7.563	9.661	0.000	1.562	9.022	0.247	3.500
evm.model.Seg5812.3	9.539	6.883	5.801	8.564	24.727	56.136	59.855	31.339	26.355	21.006	9.479	26.792	25.443	9.923	5.090	4.310	10.207	11.658
evm.model.Seg5847.2	3.935	3.241	2.168	1.352	5.890	9.945	4.756	7.509	8.283	7.764	3.203	4.184	2.415	7.257	3.671	0.493	4.014	5.901
evm.model.Seg5856.3	1.296	0.491	2.675	3.917	1.175	2.591	0.000	1.589	1.787	0.781	0.000	0.377	0.356	4.132	0.000	1.351	1.163	0.275
evm.model.Seg5859.2	5.045	17.292	0.000	1.881	44.316	23.438	36.026	17.142	20.221	24.893	15.271	16.751	17.146	0.000	9.207	15.961	5.346	0.000
evm.model.Seg588.2	0.000	0.129	1.334	0.000	7.340	3.215	0.000	4.469	4.307	5.021	2.872	3.248	3.557	0.000	0.000	0.000	1.841	0.000
evm.model.Seg5965.2	6.224	1.020	10.456	8.557	102.866	96.753	419.781	60.172	42.078	34.861	4.184	5.381	0.281	44.562	22.511	9.460	38.018	56.379
evm.model.Seg599.12	0.489	4.417	1.383	5.102	11.125	32.519	62.105	4.885	3.906	2.892	1.194	2.477	2.432	0.336	2.190	1.187	0.231	0.824
evm.model.Seg6004.3	1.118	0.065	0.681	0.649	5.830	7.328	4.065	10.016	7.922	7.374	3.031	9.097	8.536	5.592	0.000	1.004	2.134	3.703
evm.model.Seg6034.2	0.551	1.873	0.229	0.589	31.116	56.102	236.328	82.785	49.708	49.534	11.985	16.013	7.833	0.315	2.393	0.274	1.179	2.864
evm.model.Seg605.1	3.593	5.514	4.592	7.171	39.341	36.726	72.895	23.382	15.241	14.236	8.098	4.290	3.168	74.961	14.886	10.592	129.491	73.461
evm.model.Seg6071.1	0.000	0.245	0.000	0.000	0.305	0.000	0.997	0.853	0.422	0.353	0.159	0.213	0.265	0.295	0.000	0.000	0.254	0.000
evm.model.Seg6071.2	0.000	0.349	0.000	0.000	0.744	0.325	0.256	0.704	0.472	0.260	0.186	0.123	0.091	0.000	0.000	0.000	0.000	0.000
evm.model.Seg6085.3	0.194	1.291	0.125	0.281	5.310	8.286	0.000	4.245	6.215	5.198	4.653	3.052	3.714	0.000	0.000	0.730	0.000	0.231
evm.model.Seg6152.1	0.776	20.392	0.139	0.455	5.741	0.214	1534.100	388.231	228.823	164.420	9.962	119.914	113.474	7.901	5.455	29.914	15.030	15.086
evm.model.Seg6190.2	1.498	3.448	5.120	2.029	15.483	96.394	84.836	1.867	0.924	1.720	1.436	4.061	4.756	23.676	6.368	17.952	16.062	0.940
evm.model.Seg627.4	5.728	1.911	3.912	3.368	9.497	11.321	6.162	15.787	13.223	10.694	3.383	9.885	9.826	21.921	1.744	3.853	8.867	0.984
evm.model.Seg6275.1	0.078	0.000	0.000	0.000	4.276	0.855	0.230	0.875	0.924	1.125	0.207	0.098	0.000	3.029	0.000	0.000	3.497	0.116
evm.model.Seg6310.3	0.000	3.267	0.167	0.000	115.122	86.441	95.881	203.257	226.212	106.405	20.193	81.605	41.663	15.960	3.610	5.150	90.010	1.577
evm.model.Seg6395.1	0.000	0.672	0.000	0.094	0.097	0.000	8.847	2.699	1.968	1.097	0.000	0.935	1.208	0.000	0.000	0.000	0.000	0.000
evm.model.Seg6395.2	0.194	0.000	0.653	1.044	1.978	1.830	1.125	3.029	1.807	2.315	1.305	1.698	1.489	0.254	0.000	0.000	0.308	0.000
evm.model.Seg6403.1	0.000	0.000	0.000	0.094	0.416	0.368	3.963	1.237	1.245	1.051	0.000	0.386	0.554	0.000	0.000	0.000	0.347	0.000
evm.model.Seg6405.1	0.000	0.245	0.000	0.000	1.435	4.848	1.534	2.784	3.474	4.817	3.217	1.616	2.415	0.000	0.000	0.000	0.000	0.000
evm.model.Seg6410.1	1.785	1.253	3.509	0.000	28.535	29.107	12.912	11.915	6.406	6.109	2.554	2.650	2.945	4.886	2.839	0.621	2.404	0.868
evm.model.Seg6460.2	1.102	3.241	0.695	0.295	52.147	35.871	103.910	81.409	84.377	54.974	8.809	32.501	28.553	7.202	2.576	10.629	19.999	12.207
evm.model.Seg6512.1	65.466	30.736	213.460	103.533	240.610	112.093	1323.365	277.018	174.235	158.264	39.606	127.157	85.451	125.478	14.865	35.557	102.143	375.185
evm.model.Seg65.2	0.295	2.932	1.535	0.569	14.784	10.791	55.279	14.603	7.309	8.592	3.286	4.922	4.235	4.345	4.360	2.648	12.811	20.914
evm.model.Seg65.2.1.57f48f7d	1.242	2.635	0.195	2.852	3.339	11.894	6.852	9.259	9.086	5.589	0.808	1.813	1.621	1.062	0.000	1.899	2.018	0.000
evm.model.Seg6540.2	0.000	0.000	0.000	1.111	0.000	0.368	1.381	0.672	0.542	0.809	0.000	0.000	0.000	0.096	0.000	0.000	0.000	0.000
evm.model.Seg6541.1	0.202	0.000	0.306	0.375	18.257	33.006	3.580	0.000	0.000	0.000	0.000	0.000	0.000	0.624	0.000	0.621	0.524	0.145
evm.model.Seg6589.1	0.830	1.072	0.000	0.382	9.341	10.338	5.267	17.003	20.913	11.270	3.542	12.165	7.237	0.473	0.000	2.538	4.314	0.000
evm.model.Seg659.5	2.344	1.808	2.842	2.029	7.288	9.808	24.852	10.059	10.231	9.113	4.280	5.414	6.543	3.810	5.415	1.571	1.911	3.486
evm.model.Seg660.1	10.043	0.362	3.988	2.939	29.457	2.369	32.446	30.017	21.074	39.361	2.962	9.409	11.555	0.576	1.257	3.725	1.179	1.012
evm.model.Seg675.29	3.562	0.930	7.135	9.414	81.790	23.840	0.537	3.435	5.221	7.002	18.315	28.432	31.927	16.282	0.284	1.571	15.215	0.260
evm.model.Seg6789.3	0.000	1.485	0.000	0.000	2.343	1.556	0.000	4.491	2.861	2.966	0.000	0.402	1.332	0.000	0.000	0.000	0.593	0.000
evm.model.Seg6869.1	0.000	0.000	0.424	0.248	4.641	2.027	5.625	1.941	2.078	3.096	1.878	2.912	2.250	0.911	0.000	0.000	1.402	0.000
evm.model.Seg68.8.4.57f48f7d	0.295	0.000	0.000	0.556	1.435	0.470	0.205	0.000	0.000	0.000	0.000	0.131	0.538	0.000	0.000	0.384	0.570	0.000
evm.model.Seg6947.3	0.140	0.065	0.118	0.549	2.134	3.360	15.929	1.600	1.657	0.753	0.449	0.984	0.438	0.000	0.000	0.694	0.000	0.000
evm.model.Seg698.3.1.57f48f7d	0.473	2.609	0.806	0.000	0.409	2.129	35.668	24.438	18.253	14.850	2.872	8.400	10.835	14.020	8.335	31.904	2.457	5.149
evm.model.Seg698.5	0.171	0.271	0.049	0.134	1.696	1.248	0.026	0.512	0.713	0.428	0.104	0.000	0.000	0.137	0.304	0.000	0.000	0.333
evm.model.Seg7015.1	15.243	1.653	10.984	6.963	11.148	32.656	7.568	7.520	9.036	4.426	1.905	0.829	1.009	9.162	0.000	0.493	4.853	1.041
evm.model.Seg730.3	1.327	12.721	44.972	89.713	9.229	143.201	257.729	231.449	163.964	78.351	0.815	2.084	1.423	9.607	5.881	13.624	8.220	2.893
evm.model.Seg733.8	0.186	0.426	0.889	0.870	1.368	3.677	3.426	3.371	3.313	2.678	1.919	2.600	1.224	0.617	0.000	0.000	1.263	0.000
evm.model.Seg733.9.2.57f48f7d	1.459	0.000	0.000	0.000	0.000	0.239	4.347	1.045	2.038	1.953	0.000	1.271	0.521	0.000	0.000	0.000	2.142	0.000
evm.model.Seg7435.1	7.094	11.700	5.162	3.636	26.252	24.105	121.015	33.302	28.745	26.055	12.813	16.997	11.266	21.181	16.447	12.254	12.334	18.325
evm.model.Seg745.13	0.854	2.363	0.639	0.469	4.797	5.558	4.142	5.515	4.869	4.222	0.677	0.804	1.092	0.302	0.324	1.351	0.100	0.593
evm.model.Seg75.1	398.585	335.385	394.440	413.622	716.409	1178.257	2673.680	1378.968	1393.659	1256.553	948.489	261.066	28.553	969.048	1955.675	1236.298	1093.029	1459.404
evm.model.Seg7577.1	0.000	0.052	1.348	1.085	0.751	0.026	5.702	1.760	2.028	1.041	0.980	1.124	2.002	0.000	0.000	0.000	0.092	0.000
evm.model.Seg7632.1	0.605	0.181	2.223	1.614	12.419	12.809	5.472	0.843	0.823	1.190	1.698	2.026	2.382	2.193	1.420	3.634	3.482	8.013
evm.model.Seg768.2	0.000	6.651	2.751	1.607	61.368	45.371	162.538	0.000	0.000	0.000	0.000	0.000	0.000	0.000	0.000	7.451	6.163	21.594
evm.model.Seg775.6	2.996	1.446	1.980	2.605	6.425	3.036	7.287	8.757	7.952	10.117	8.056	7.022	6.179	5.633	3.448	5.077	7.650	2.560
evm.model.Seg7795.1	9.003	4.068	10.547	9.260	25.159	36.221	109.177	29.611	27.660	23.275	10.417	18.129	16.692	44.364	20.564	15.760	19.390	5.800
evm.model.Seg7937.1	0.000	4.378	0.000	0.000	9.846	0.000	11.276	26.048	18.875	15.492	7.753	0.000	0.000	0.000	12.290	5.296	2.789	1.851
evm.model.Seg796.10	0.000	0.413	0.000	0.000	0.870	1.659	1.381	0.501	0.000	0.000	0.463	0.468	0.612	0.000	0.000	0.000	0.532	0.000
evm.model.Seg796.10.2.57f48f7e	0.000	0.413	0.000	0.000	0.870	1.659	1.381	0.501	0.000	0.000	0.463	0.468	0.612	0.000	0.000	0.000	0.532	0.000
evm.model.Seg796.17	0.000	0.607	0.695	1.011	27.159	16.760	41.191	0.309	0.080	0.084	0.152	0.000	0.124	0.000	2.758	0.000	0.000	0.000
evm.model.Seg796.18	0.000	0.000	0.000	0.275	20.459	8.388	25.901	0.320	0.100	0.102	0.179	0.000	0.099	0.000	1.115	0.000	0.000	0.000
evm.model.Seg7962.1	5.394	4.662	9.331	1.413	54.668	90.374	45.077	4.821	3.082	2.315	2.313	2.174	2.026	2.529	4.178	2.794	3.890	13.552
evm.model.Seg803.13	0.000	3.823	0.000	0.000	7.236	10.013	41.753	9.173	10.763	6.872	3.797	7.375	4.648	0.000	0.000	13.313	2.273	0.000
evm.model.Seg8055.1	0.000	0.168	0.000	0.000	1.123	1.710	1.815	1.557	1.044	1.265	0.221	0.509	0.538	0.000	0.000	0.000	0.000	0.000
evm.model.Seg816.3	21.871	1.537	18.085	17.094	179.026	194.233	247.118	31.585	23.072	43.927	17.791	31.722	19.355	30.391	2.434	5.661	86.012	12.048
evm.model.Seg8215.1	3.819	3.461	2.633	3.401	61.815	22.121	52.134	78.817	59.849	39.334	1.636	51.073	42.457	2.618	0.000	3.068	2.681	0.000
evm.model.Seg8253.1	2.957	3.267	2.244	1.902	66.359	112.829	20.889	4.043	5.040	4.417	10.956	14.889	7.138	3.652	1.034	1.479	3.998	3.457
evm.model.Seg8402.1	0.085	0.387	0.118	0.308	2.067	2.557	1.304	1.739	1.566	1.451	1.270	1.173	1.472	0.767	0.000	0.000	2.203	0.174
evm.model.Seg841.4	2.647	0.684	7.601	0.422	12.553	12.031	11.327	14.955	17.028	9.094	3.555	2.568	2.548	2.344	0.690	0.000	1.618	1.374
evm.model.Seg841.5	8.374	6.354	17.411	1.768	35.057	30.680	130.884	55.190	56.977	25.785	9.127	6.161	7.552	7.668	16.224	9.770	6.748	20.278
evm.model.Seg846.2	42.337	91.950	382.949	270.760	45.997	243.477	743.501	365.542	297.125	196.379	55.015	79.735	65.476	129.089	182.967	183.426	67.222	60.328
evm.model.Seg846.9	0.000	0.129	0.056	0.100	9.668	0.000	0.000	1.291	1.546	1.134	1.063	1.862	1.795	0.000	0.000	0.000	0.000	0.043
evm.model.Seg860.3	11.681	35.721	4.905	7.131	42.628	14.776	123.700	89.228	74.688	86.060	46.371	52.648	54.764	0.000	43.683	47.354	9.083	32.760
evm.model.Seg8692.1	6.550	1.098	5.141	5.624	19.945	37.880	59.855	11.179	7.922	7.774	3.162	1.772	0.066	3.913	2.271	1.443	3.621	1.620
evm.model.Seg8838.3	86.615	9.092	54.122	66.895	452.358	551.419	739.462	194.713	192.950	151.625	39.882	125.205	99.694	43.925	16.062	18.299	38.095	20.654
evm.model.Seg897.3	0.000	0.723	0.000	0.060	12.055	10.133	35.080	2.613	5.100	1.125	6.248	4.545	3.466	3.091	0.000	2.611	2.057	0.000
evm.model.Seg9023.1	2.002	0.000	0.000	0.000	2.893	2.557	1.304	4.203	4.538	0.967	1.912	1.993	2.308	2.302	0.000	1.169	0.547	1.027
evm.model.Seg905.5	0.078	0.323	0.049	0.000	20.526	10.047	9.332	0.907	0.452	0.697	0.352	1.304	1.150	0.254	0.548	1.589	0.000	0.000
evm.model.Seg909.11	0.233	0.827	1.515	7.800	14.279	16.982	18.000	5.685	4.327	2.176	1.174	2.764	1.274	0.000	0.872	0.913	0.270	0.463
evm.model.Seg911.1	0.830	1.576	0.361	1.399	13.066	11.757	2.940	0.437	0.713	0.679	1.091	0.960	0.893	0.432	0.000	0.000	0.447	0.159
evm.model.Seg915.2	0.000	0.555	0.736	7.526	18.495	16.931	1.611	8.821	8.544	11.298	6.455	6.177	9.934	4.002	0.000	0.000	4.568	1.880
evm.model.Seg918.5.1.57f48f7e	0.000	0.478	0.340	0.489	0.677	0.590	1.509	0.576	0.733	0.604	0.000	0.656	0.364	0.000	0.000	0.000	0.385	1.996
evm.model.Seg9285.1	13.233	15.097	4.099	0.000	9.973	22.728	22.117	32.694	29.307	27.924	11.536	16.595	14.624	7.065	6.267	0.000	11.571	14.377
evm.model.Seg934.2	1.257	7.232	2.154	1.406	34.202	7.302	17.949	64.086	142.960	15.306	2.768	7.637	4.905	3.796	0.527	3.178	5.608	5.279
evm.model.Seg9396.1	0.000	0.000	0.000	0.696	72.918	36.384	31.423	41.430	33.102	31.485	25.578	44.215	41.232	5.187	5.699	0.000	3.551	13.726
evm.model.Seg9450.1	1.087	0.594	2.376	2.457	31.205	8.739	6.085	8.523	6.396	6.035	1.470	6.382	5.724	7.634	1.683	1.717	4.006	2.444
evm.model.Seg9474.1	0.574	0.788	0.153	0.114	2.268	1.813	1.892	2.208	1.355	0.939	0.159	0.156	0.273	0.000	0.690	0.000	0.000	0.000
evm.model.Seg954.4	2.903	2.131	2.981	2.491	2.320	3.360	19.279	11.243	10.221	8.666	3.410	1.583	1.017	17.234	15.332	7.323	14.136	19.208
evm.model.Seg9569.1	2.996	5.489	2.640	0.549	67.534	42.464	63.205	225.337	281.784	161.807	106.212	229.328	220.439	26.513	6.713	27.266	57.955	8.635
evm.model.Seg959.3	1.156	0.710	2.494	7.285	7.162	9.662	2.045	12.768	10.813	12.116	6.696	6.751	9.628	4.447	0.000	0.000	2.966	0.000
evm.model.Seg9684.1	1.172	0.801	0.813	1.701	1.190	3.147	0.614	1.728	1.516	1.246	0.394	0.427	0.289	0.521	0.811	1.479	0.316	0.260
evm.model.Seg9766.1	1.149	0.736	0.215	0.315	11.356	3.839	0.869	0.213	0.452	0.205	0.000	0.189	0.083	0.000	0.892	0.000	0.000	1.519
evm.model.Seg989.9	2.111	2.208	1.883	1.306	5.689	5.019	6.264	5.632	6.034	6.007	4.149	4.192	4.938	4.858	3.813	1.863	4.676	4.570
evm.model.Seg9919.1	0.210	0.000	0.368	0.000	1.807	2.941	8.054	0.000	0.000	3.162	2.313	3.962	3.548	2.069	0.000	0.000	2.558	0.000
evm.model.Seg9950.2	13.318	30.504	6.343	4.781	36.834	48.791	186.572	124.482	111.003	119.916	33.558	51.048	56.816	15.158	13.932	23.394	22.718	40.382
evm.model.Seg996.5	2.484	3.319	2.765	1.527	6.530	9.013	30.119	8.288	8.895	7.709	6.144	6.661	6.741	11.156	13.507	15.121	6.479	3.963
