Planula_Early_1_AR012_RSEM	Planula_Early_2_AR002_RSEM	Planula_Late_1_AR019_RSEM	Planula_Late_3_AR002_RSEM	Polyp_1_RSEM	Polyp_2_AR005_RSEM	Polyp_3_AR006_RSEM	Strobila_Early_1_AR019_RSEM	Strobila_Early_2_AR006_RSEM	Strobila_Early_3_AR005_RSEM	Strobila_Late_1_AR015_RSEM	Strobila_Late_2_AR005_RSEM	Strobila_Late_3_AR019_RSEM	Ephyra_1_AR019_RSEM	Ephyra_2_AR012_RSEM	Ephyra_3_AR018_RSEM	Juvenile_1_AR002_RSEM	Juvenile_2_AR013_RSEM
evm.model.Seg1005.3	0.000	1.627	0.000	0.000	0.305	0.000	0.000	0.896	1.375	1.116	1.070	0.861	0.951	0.576	0.811	1.041	0.000	0.000
evm.model.Seg1010.4	0.590	2.363	0.389	0.475	1.264	1.171	0.051	1.408	1.988	2.455	2.347	2.067	1.596	2.330	0.487	0.694	1.556	0.781
evm.model.Seg1011.2.1.57f48f75	0.000	0.349	0.000	0.716	0.595	0.000	0.000	14.208	11.817	11.112	0.000	0.000	0.000	0.151	0.750	0.000	0.185	0.101
evm.model.Seg1011.2.2.57f48f75	0.000	0.000	0.000	0.000	0.327	0.693	0.307	5.717	5.141	5.886	0.904	1.001	0.488	0.000	0.000	0.000	0.000	0.000
evm.model.Seg1012.6	2.864	8.769	2.008	2.042	4.090	4.831	5.957	7.605	7.861	6.695	4.018	4.741	5.790	1.446	5.151	0.639	8.913	5.106
evm.model.Seg1025.3.1.57f48f75	0.000	4.520	0.000	0.000	0.000	0.000	0.000	0.000	6.094	0.000	0.000	0.000	0.000	0.000	0.000	4.584	4.276	0.000
evm.model.Seg1027.15	0.000	12.850	0.340	0.964	2.023	0.607	5.778	13.312	10.733	10.740	11.570	8.876	8.040	1.843	13.243	1.644	1.949	12.019
evm.model.Seg1044.8	6.030	41.313	2.779	6.126	15.089	10.945	146.507	44.406	31.576	31.792	21.194	34.133	29.173	22.237	79.600	102.579	29.259	33.295
evm.model.Seg1056.4	2.049	7.916	1.876	0.529	0.312	0.787	16.415	5.899	6.175	6.816	7.124	5.488	4.698	1.309	6.794	7.798	1.641	11.499
evm.model.Seg1071.4	8.188	14.567	8.643	1.279	5.645	2.292	6.213	28.011	33.915	23.637	16.058	14.979	13.201	4.824	24.296	19.285	7.249	17.617
evm.model.Seg1085.12	5.510	37.167	3.467	4.064	5.972	3.805	26.182	18.198	18.865	17.212	21.726	15.135	14.069	8.826	22.105	25.640	6.271	29.057
evm.model.Seg1087.4.1.57f48f75	0.132	41.752	0.104	0.000	0.208	0.325	20.940	24.598	23.273	21.517	21.871	19.409	18.925	2.124	49.362	34.041	0.370	55.931
evm.model.Seg1089.1	0.124	7.180	0.076	0.000	0.461	0.385	10.764	5.621	5.934	4.026	1.609	2.026	2.713	0.000	2.352	4.584	0.439	4.672
evm.model.Seg1091.18	1.164	49.255	4.502	4.854	1.502	0.436	3.068	12.203	11.295	9.141	2.161	2.002	1.365	0.000	3.427	3.470	0.693	3.008
evm.model.Seg1095.17	74.539	165.071	55.929	52.292	39.564	71.913	72.077	83.105	87.971	56.434	29.478	40.384	51.919	0.000	81.567	141.295	0.000	0.000
evm.model.Seg1121.1	0.458	3.345	0.111	0.000	0.335	0.000	0.997	2.784	2.671	2.315	1.961	2.051	1.828	0.000	0.000	0.895	1.664	1.287
evm.model.Seg1125.1	0.784	42.101	0.000	0.000	0.178	0.000	4.628	8.203	9.397	11.475	1.243	2.986	2.266	0.000	1.704	0.000	0.000	3.732
evm.model.Seg1125.2	0.000	6.134	0.000	0.000	0.007	0.000	0.000	2.229	2.912	1.748	0.000	0.000	0.000	0.000	0.000	0.347	0.000	0.000
evm.model.Seg1133.4	23.858	221.855	28.492	25.055	20.005	18.350	193.118	141.442	142.810	138.644	146.936	110.997	103.697	34.030	189.376	206.856	27.664	393.887
evm.model.Seg114.5	6.690	23.362	4.440	6.126	4.135	7.850	11.071	23.862	23.213	24.735	13.704	16.775	18.247	11.300	9.876	15.340	16.016	12.916
evm.model.Seg115.5	2.616	39.402	1.480	0.489	1.658	1.377	14.344	10.731	14.066	11.633	20.469	11.599	9.396	2.995	9.714	7.031	1.633	20.770
evm.model.Seg1157.2	0.404	8.239	0.028	0.000	2.357	0.197	13.577	9.483	9.699	8.350	8.367	9.877	9.438	0.000	2.089	13.021	0.424	5.568
evm.model.Seg1174.1	0.357	5.062	0.313	0.141	0.268	0.316	1.585	2.016	1.807	1.116	0.269	1.173	1.323	0.281	0.000	0.256	0.000	1.302
evm.model.Seg1186.7	22.647	30.994	19.975	23.474	25.226	30.689	10.151	34.081	35.381	31.541	43.865	36.201	35.815	17.789	3.955	5.095	1.233	2.242
evm.model.Seg119.4	1.839	0.646	0.577	1.265	2.774	0.257	1.509	3.883	2.179	2.083	0.559	0.090	0.000	0.781	0.000	0.000	0.801	0.000
evm.model.Seg1201.2	0.000	6.961	0.069	0.408	1.175	1.300	2.506	4.651	5.100	4.547	6.793	4.700	5.153	0.000	3.062	2.977	3.428	3.891
evm.model.Seg1234.12	0.054	1.369	0.063	0.000	0.089	0.060	0.486	0.640	0.894	0.632	0.718	0.328	0.529	1.035	0.000	0.000	0.062	0.000
evm.model.Seg1234.15	0.000	1.033	0.000	0.000	0.000	0.000	2.736	0.832	0.492	0.586	0.476	0.148	0.083	0.349	1.115	1.753	0.585	0.260
evm.model.Seg1254.12	21.095	31.743	3.752	3.957	0.491	0.094	0.332	4.000	5.221	4.975	2.313	1.690	1.613	0.000	2.028	2.538	0.100	0.145
evm.model.Seg12546.1	0.179	0.000	0.000	0.000	0.513	0.068	0.153	1.301	0.773	1.339	0.221	0.000	0.000	0.000	0.000	0.000	0.000	0.000
evm.model.Seg1268.13	1.203	2.893	0.868	0.844	0.528	0.735	4.040	3.072	3.624	3.803	2.982	1.255	1.042	1.884	3.103	1.406	0.216	0.781
evm.model.Seg1273.8	21.095	32.893	27.117	22.872	53.121	29.526	10.278	57.409	55.110	55.020	18.812	26.143	25.194	0.000	16.224	20.125	0.000	0.000
evm.model.Seg1275.1.1.57f48f76	17.688	15.833	1.195	1.185	37.571	82.199	18.230	20.950	1.536	6.630	47.531	10.451	20.802	0.000	23.626	41.985	17.172	14.550
evm.model.Seg1299.9	2.740	6.367	2.696	2.651	9.073	2.984	3.426	8.064	8.524	9.010	14.870	10.968	10.653	4.447	7.524	6.118	2.951	6.856
evm.model.Seg130.5	2.010	73.276	2.022	1.868	1.242	0.607	38.736	37.003	32.500	32.034	42.001	26.152	24.053	0.000	62.280	70.072	2.342	67.473
evm.model.Seg1308.8	0.272	0.697	0.459	0.542	0.164	0.701	1.560	1.216	1.175	0.958	0.207	0.451	0.604	0.000	5.151	2.082	0.000	0.000
evm.model.Seg1342.3	3.927	7.374	4.697	6.454	2.439	0.120	3.682	25.291	28.986	26.827	32.537	10.845	1.224	22.168	1.724	1.680	27.656	8.707
evm.model.Seg13451.1	0.931	0.000	0.195	0.000	0.253	0.000	0.000	3.168	2.259	1.776	0.000	0.000	0.000	0.000	1.156	0.000	0.000	0.000
evm.model.Seg1359.16	1.327	57.120	0.625	2.424	1.673	1.377	30.298	36.321	35.562	31.420	32.371	26.373	28.428	2.255	53.458	53.034	0.000	84.019
evm.model.Seg1359.21	4.789	12.888	2.793	1.788	4.306	3.771	7.466	10.198	7.922	9.550	4.549	5.865	7.122	5.441	5.313	7.013	5.385	16.850
evm.model.Seg1365.9	0.000	8.007	0.208	0.000	1.331	1.317	0.000	7.659	10.110	5.496	4.025	2.018	4.516	0.000	0.000	0.000	0.000	4.093
evm.model.Seg1373.5	6.636	4.895	2.598	3.107	3.242	4.027	4.270	19.307	16.044	7.569	0.897	4.323	6.882	0.000	4.421	0.457	1.379	9.575
evm.model.Seg1399.1	2.654	6.405	2.112	0.897	3.428	3.660	19.713	12.619	12.691	11.400	6.227	5.086	4.425	4.763	13.588	7.250	6.032	16.951
evm.model.Seg1399.4	0.823	36.044	1.390	1.513	6.329	6.849	12.631	11.990	13.665	14.441	20.683	17.013	30.091	23.463	3.083	5.022	30.522	33.266
evm.model.Seg142.2	0.000	17.189	0.000	0.000	0.000	0.000	29.813	15.403	10.120	7.644	2.216	10.303	4.384	0.000	26.243	33.694	0.000	7.825
evm.model.Seg1422.1	3.508	24.692	1.487	1.413	1.034	0.701	15.469	11.275	13.363	10.694	12.910	10.139	8.031	0.000	13.953	21.586	0.185	34.915
evm.model.Seg1422.5	0.093	13.173	0.069	0.100	4.618	0.051	4.091	13.526	14.920	13.232	4.032	2.929	0.339	14.062	3.874	1.991	6.625	4.079
evm.model.Seg1465.5	0.047	7.232	0.028	0.000	0.126	0.051	2.148	7.616	8.122	5.282	3.631	5.972	6.890	1.768	4.766	3.452	1.271	0.000
evm.model.Seg1465.6	0.078	2.712	0.104	0.074	0.067	0.060	0.460	2.091	1.988	1.144	0.345	0.812	1.423	0.815	0.000	0.493	0.092	0.101
evm.model.Seg1478.3	0.939	4.417	0.000	0.000	1.301	0.667	0.000	0.544	0.542	0.911	3.141	0.738	0.306	0.000	0.000	1.844	0.000	0.000
evm.model.Seg1479.9	0.000	1.989	0.674	0.000	1.093	0.000	0.000	11.104	8.303	7.746	7.801	1.230	0.000	0.000	0.000	0.000	0.000	7.724
evm.model.Seg1522.3	0.295	0.827	0.778	0.141	0.982	0.752	0.000	2.571	2.540	2.799	0.787	0.632	0.935	0.740	1.055	0.475	0.247	1.215
evm.model.Seg1538.1	0.000	6.393	0.000	0.000	0.000	0.000	4.423	28.224	32.279	19.620	3.134	16.521	19.934	28.425	2.434	16.655	23.635	0.694
evm.model.Seg1538.2	0.000	2.996	0.000	0.000	0.015	0.094	0.537	2.635	2.510	2.167	1.961	0.000	0.000	5.557	1.501	0.000	4.368	1.750
evm.model.Seg1546.5	0.054	1.111	0.014	0.000	0.015	0.017	0.000	0.405	0.482	0.288	0.456	0.000	0.008	0.000	0.000	0.073	0.000	0.000
evm.model.Seg1564.2	1361.844	7256.486	1169.501	1248.504	871.288	1141.001	10762.323	5606.498	5010.295	4293.678	1887.099	3514.285	3951.849	796.108	16348.573	12834.034	1761.331	6985.245
evm.model.Seg1585.2	0.000	4.817	0.000	0.000	0.000	0.000	0.741	1.760	0.974	1.534	1.664	0.820	0.513	0.000	1.176	2.958	0.000	5.655
evm.model.Seg15870.1	1.909	2.208	0.160	0.000	2.053	1.744	0.332	0.800	1.014	0.883	0.801	3.388	4.012	2.337	0.000	4.255	0.978	0.636
evm.model.Seg1602.6	6.116	7.684	3.856	3.221	5.407	3.737	10.483	12.640	12.229	19.583	33.531	23.371	19.098	16.782	3.164	5.406	8.721	8.837
evm.model.Seg1614.10	2.747	9.828	1.862	1.339	5.094	2.548	3.938	16.512	12.851	11.651	5.033	9.064	8.288	1.562	0.892	0.000	2.280	7.174
evm.model.Seg1647.1	0.341	0.284	0.125	0.060	0.104	0.180	0.128	1.877	1.867	0.958	0.221	0.509	1.001	0.898	0.000	0.000	0.732	0.680
evm.model.Seg1653.12	4.796	12.604	2.661	1.995	2.216	1.616	7.006	9.696	8.695	8.908	12.026	10.541	11.158	6.846	11.195	11.797	6.055	7.362
evm.model.Seg1668.12	0.807	2.157	0.181	0.335	1.465	1.548	3.094	0.768	0.763	1.060	1.981	1.009	0.736	0.850	0.710	1.297	0.116	1.562
evm.model.Seg1668.2	0.745	1.563	0.521	1.326	0.766	0.966	0.384	8.821	5.653	6.621	1.643	3.289	3.912	3.084	0.000	2.191	1.094	3.616
evm.model.Seg1675.10.1.57f48f77	0.893	2.402	0.000	0.000	0.402	0.325	0.486	1.152	1.335	0.586	0.324	0.476	1.125	1.357	1.643	0.000	0.000	2.979
evm.model.Seg1682.3.1.57f48f77	1.110	1.963	0.347	0.000	3.205	5.686	0.946	5.344	7.490	7.625	17.245	13.502	16.692	6.099	0.000	2.940	5.292	3.876
evm.model.Seg1683.9	10.237	55.687	6.788	13.317	107.826	147.673	962.571	74.316	63.112	56.471	24.991	55.191	57.279	0.740	32.976	105.574	0.123	2.227
evm.model.Seg1686.9.2.57f48f77	0.000	0.788	0.000	0.000	0.535	0.402	0.000	0.405	0.311	0.270	0.214	0.566	0.000	0.925	0.000	0.000	0.000	0.000
evm.model.Seg1695.2	0.054	0.220	0.146	0.194	0.067	0.171	0.051	1.792	1.426	1.116	0.483	0.230	0.157	0.212	0.162	0.274	0.162	0.058
evm.model.Seg1698.5	0.427	12.682	0.271	0.000	0.000	0.000	5.037	6.016	7.801	6.825	7.677	6.357	5.418	0.000	8.457	12.984	0.000	10.949
evm.model.Seg1698.7	2.817	13.379	3.182	3.113	4.098	3.455	8.412	15.403	14.879	9.782	10.535	9.663	7.891	13.438	0.000	16.034	7.950	14.218
evm.model.Seg1704.12	0.023	0.517	0.104	0.040	0.134	0.043	0.026	0.661	0.904	0.586	0.235	0.041	0.083	0.000	0.000	0.073	0.108	0.029
evm.model.Seg1709.1	2.313	3.203	1.938	3.421	5.481	3.574	0.741	6.464	6.426	3.775	1.139	1.296	1.762	0.308	1.785	3.086	0.455	5.757
evm.model.Seg1714.4	2.243	13.792	1.285	1.118	8.024	3.172	3.528	6.293	6.134	4.426	6.344	3.946	3.284	4.166	3.042	7.433	0.948	5.872
evm.model.Seg1715.9.1.57f48f77	4.323	1.007	6.538	2.390	4.923	9.705	0.000	3.563	4.357	3.348	3.238	7.793	9.272	3.049	5.334	4.328	0.000	0.000
evm.model.Seg1717.8	2.538	5.721	2.425	1.701	0.528	0.000	12.426	8.789	8.966	10.972	8.975	13.584	14.260	3.988	4.847	4.547	4.892	2.184
evm.model.Seg1719.8	2.553	17.228	2.828	2.370	3.651	3.104	10.381	12.150	10.743	9.103	9.465	7.161	6.989	2.097	13.932	11.103	3.513	16.633
evm.model.Seg1727.2	1.475	0.000	0.000	0.000	2.543	1.514	0.000	0.811	1.637	1.441	2.251	1.395	1.356	3.371	0.385	0.000	2.843	0.000
evm.model.Seg1731.11	12.371	46.982	10.692	6.187	10.865	22.395	62.694	35.083	33.273	34.675	20.745	20.811	18.710	30.761	94.323	75.989	29.359	75.731
evm.model.Seg1731.4.1.57f48f77	3.950	10.577	2.084	1.560	1.591	0.770	1.074	2.411	3.122	1.757	0.621	0.886	1.133	0.624	3.711	2.958	0.724	1.475
evm.model.Seg1739.11	0.000	23.685	0.000	0.000	0.959	0.000	0.077	21.174	23.193	12.432	6.641	0.000	0.000	0.254	0.000	0.000	0.000	0.000
evm.model.Seg1743.3	2.763	13.005	2.307	0.891	2.885	2.069	2.531	13.131	12.891	10.043	3.597	3.798	4.202	1.528	2.515	2.721	3.228	7.405
evm.model.Seg1759.1	4.928	11.223	3.106	3.917	4.269	4.600	16.108	10.571	11.124	11.837	8.464	9.089	10.174	0.000	12.493	9.880	0.478	0.029
evm.model.Seg1766.5	2.282	3.965	2.960	2.698	3.837	3.078	0.051	3.403	3.534	3.887	3.562	3.298	3.110	4.865	0.162	0.073	0.046	0.029
evm.model.Seg1769.8.2.57f48f78	6.116	48.764	5.801	3.013	1.212	2.634	5.804	41.366	49.216	47.944	16.244	20.057	2.730	50.757	7.585	20.198	46.869	149.496
evm.model.Seg1773.1	3.198	7.942	1.522	1.861	2.543	2.351	0.000	6.869	7.781	4.863	1.022	1.083	0.678	3.536	1.156	1.004	0.316	1.490
evm.model.Seg1773.11.1.57f48f78	0.000	2.079	0.069	0.000	0.112	0.231	1.969	2.112	2.189	2.297	2.623	1.329	1.001	0.000	2.576	3.123	0.000	4.715
evm.model.Seg1773.2	0.000	0.000	0.000	0.000	0.000	0.000	0.205	13.590	8.895	8.573	0.000	0.435	0.000	0.000	0.000	1.589	0.000	0.000
evm.model.Seg1776.7.3.57f48f78	0.202	1.291	0.000	0.228	0.216	0.222	0.000	0.139	0.412	0.167	0.000	0.000	0.000	0.000	0.000	0.000	0.000	0.000
evm.model.Seg1782.13	1.475	8.020	1.139	1.011	0.796	0.932	2.097	5.877	6.707	4.817	2.603	2.797	3.242	2.851	1.460	2.374	3.159	5.901
evm.model.Seg1784.9	0.000	74.180	0.000	0.000	217.497	0.428	199.689	304.379	301.774	175.076	20.821	79.251	104.293	79.490	182.217	189.562	34.798	157.812
evm.model.Seg1787.9	0.062	3.991	0.042	0.000	0.260	0.026	0.051	0.949	1.185	0.837	0.877	1.542	1.563	0.000	0.000	1.790	0.077	0.000
evm.model.Seg1791.9	3.073	0.994	4.287	4.365	0.097	0.000	0.102	3.968	5.763	3.143	3.707	1.239	2.696	2.097	1.095	1.607	4.561	1.765
evm.model.Seg1794.6	0.116	0.323	0.000	0.000	0.178	0.214	0.000	0.917	1.094	0.567	0.207	0.041	0.157	0.000	0.000	0.000	0.000	0.275
evm.model.Seg1811.5	1.894	27.081	1.494	2.886	1.807	1.984	10.764	9.664	13.604	12.088	14.932	13.970	11.572	4.845	20.483	31.795	2.211	34.944
evm.model.Seg1816.10.1.57f48f78	0.008	13.237	0.007	0.007	0.015	0.009	14.600	21.099	12.650	13.651	0.007	0.008	6.609	0.007	16.346	0.018	0.008	32.297
evm.model.Seg1828.10.1.57f48f78	2.390	58.334	1.431	2.524	2.253	0.376	39.145	34.689	29.478	29.886	38.370	26.102	24.094	5.366	52.789	57.873	0.786	69.599
evm.model.Seg1828.7.1.57f48f78	0.497	4.765	0.327	0.770	0.632	0.735	2.020	1.899	2.239	1.841	2.057	1.755	1.762	0.973	2.089	2.246	0.693	3.211
evm.model.Seg1829.2.1.57f48f78	8.786	12.010	2.612	3.187	6.961	5.541	1.585	6.219	6.998	7.048	17.735	13.814	13.350	23.429	0.710	2.739	11.779	7.304
evm.model.Seg18.3	0.132	0.155	0.097	0.067	0.067	0.120	0.230	0.235	0.191	0.112	0.041	0.008	0.000	0.000	0.101	0.164	0.154	0.058
evm.model.Seg183.1	7.008	6.793	4.134	6.414	4.239	5.019	13.065	5.835	6.315	4.073	1.760	2.707	4.268	0.761	1.257	5.643	0.000	0.260
evm.model.Seg1835.12	0.000	12.527	0.000	0.000	0.208	0.000	2.224	11.744	10.472	6.416	1.450	3.454	5.575	4.598	21.031	4.072	1.510	4.975
evm.model.Seg1838.12	0.085	0.607	0.000	0.000	0.059	0.000	0.000	0.693	0.522	0.642	0.200	0.131	0.190	0.302	0.000	0.000	0.755	0.000
evm.model.Seg1838.8	0.000	1.472	0.000	0.000	0.000	0.000	0.000	2.027	2.289	1.339	0.000	0.000	0.165	0.000	0.000	1.260	0.000	0.000
evm.model.Seg1845.15	0.000	2.609	0.000	0.000	0.000	0.051	0.000	1.728	1.918	1.739	0.290	0.000	0.000	0.911	0.000	0.000	1.934	0.709
evm.model.Seg1851.5	0.504	7.051	0.264	0.147	0.312	0.231	0.563	2.155	2.159	1.506	0.373	0.418	0.529	0.514	2.170	0.457	0.555	2.936
evm.model.Seg1866.8	2.639	5.786	0.736	0.803	1.710	1.334	1.943	10.550	11.918	10.861	8.947	6.382	10.554	2.995	9.856	0.895	1.364	1.765
evm.model.Seg1870.2	4.517	8.381	1.570	2.772	11.304	9.816	15.852	7.659	7.590	7.411	13.352	9.901	10.199	15.720	5.171	5.442	16.108	5.424
evm.model.Seg1873.4	0.047	4.869	0.000	0.000	0.067	0.000	8.821	12.683	15.442	10.926	5.896	6.645	8.718	0.000	4.178	13.587	0.000	0.000
evm.model.Seg1874.1.1.57f48f78	0.590	1.459	0.000	0.000	1.510	0.829	0.000	1.131	1.275	1.032	1.153	0.919	1.282	0.000	0.000	1.662	1.025	0.000
evm.model.Seg1874.1.3.57f48f78	0.497	0.155	0.000	0.000	0.030	0.103	0.000	0.085	0.241	0.121	0.145	0.238	0.256	0.000	0.000	0.000	0.169	0.000
evm.model.Seg1877.6	0.776	0.878	0.229	0.509	1.026	0.684	0.102	1.888	1.506	1.832	1.312	0.935	0.778	0.528	0.385	0.475	0.809	1.172
evm.model.Seg1893.6	0.893	7.348	0.222	0.234	0.134	0.188	3.401	4.843	6.496	5.142	4.177	5.455	5.691	3.029	6.226	5.880	2.535	2.806
evm.model.Seg1893.6.1.57f48f78	0.000	2.622	0.097	0.121	0.059	0.103	1.355	5.461	4.006	3.441	2.099	2.961	2.928	3.995	0.000	2.301	1.325	1.548
evm.model.Seg1893.7	0.000	2.079	0.146	0.000	0.007	0.009	0.153	1.472	1.948	1.051	0.587	0.410	0.695	0.000	0.406	0.000	0.000	0.000
evm.model.Seg1901.5.1.57f48f78	0.000	0.000	0.000	0.000	0.000	0.000	0.051	0.085	0.060	0.056	0.000	0.000	0.000	0.000	0.000	0.000	0.000	0.043
evm.model.Seg192.3	0.652	60.142	0.208	0.000	198.339	0.000	0.000	35.617	35.100	16.236	39.723	33.453	35.335	0.000	41.473	43.446	58.278	5.887
evm.model.Seg1924.7	0.241	7.116	0.097	0.308	0.669	1.667	7.619	3.957	4.086	3.831	4.543	3.175	3.193	0.493	9.653	7.305	0.000	4.455
evm.model.Seg1941.3	0.000	1.175	0.000	0.000	0.000	0.017	0.869	2.475	3.273	1.860	0.801	0.000	0.000	1.329	0.000	0.000	0.740	0.043
evm.model.Seg1945.4	0.194	2.699	0.104	0.040	0.112	0.308	1.739	1.653	1.275	1.069	0.801	0.205	0.017	1.391	0.304	3.050	1.964	0.824
evm.model.Seg1971.5.1.57f48f78	4.408	3.965	1.438	0.991	1.324	1.650	0.767	2.005	2.791	1.850	0.628	0.197	0.562	1.905	1.379	1.516	0.639	0.824
evm.model.Seg1980.4	8.514	44.671	7.580	7.399	14.970	6.370	57.631	33.067	26.696	27.719	23.679	21.353	19.959	8.031	27.439	39.063	8.744	58.997
evm.model.Seg1990.1	1.979	1.072	0.000	0.000	0.000	0.000	0.741	17.334	15.020	9.289	2.948	4.856	9.057	0.000	0.000	3.872	0.000	0.000
evm.model.Seg2004.3	0.062	0.090	0.000	0.100	0.528	0.496	1.330	4.875	4.297	2.343	0.780	0.402	0.190	2.638	0.183	0.548	1.895	0.347
evm.model.Seg2012.11_evm.model.Seg2012.9	1.234	5.953	0.806	0.931	3.057	4.147	8.131	4.896	5.873	5.291	6.641	6.210	5.881	8.490	4.522	4.821	7.734	5.641
evm.model.Seg202.7	0.147	18.235	0.000	0.141	1.041	0.752	7.722	4.395	4.357	4.975	6.607	5.119	4.657	0.000	6.753	9.679	0.000	9.170
evm.model.Seg2042.3	0.000	2.609	0.695	1.098	0.000	0.000	0.000	1.216	2.851	2.520	0.725	1.255	1.456	3.399	0.000	0.000	2.588	0.000
evm.model.Seg2058.6	0.000	7.116	0.000	0.000	0.588	0.000	1.048	0.309	0.251	3.617	7.615	7.965	7.866	5.091	2.677	3.105	2.866	0.000
evm.model.Seg2061.2	3.981	10.861	1.772	2.250	6.485	9.132	6.827	8.907	7.420	7.299	5.261	9.672	9.082	9.738	4.056	7.579	9.437	2.951
evm.model.Seg2061.4	0.000	20.572	0.000	0.000	0.112	0.000	10.509	6.101	10.201	7.244	0.035	0.139	3.962	0.000	15.798	12.857	0.000	13.495
evm.model.Seg2075.2.2.57f48f79	0.000	2.002	0.000	0.000	1.316	0.410	0.000	0.395	0.361	0.772	0.663	0.345	0.653	0.000	0.000	0.000	0.917	0.000
evm.model.Seg2082.1	914.526	2384.692	543.822	330.952	266.163	1161.215	5961.511	1636.946	1613.426	1658.731	1465.146	1280.826	1126.833	858.063	6563.201	5479.782	1223.830	2426.223
evm.model.Seg2089.1.2.57f48f79	1.444	2.944	1.612	0.562	0.974	1.069	2.199	5.365	7.038	4.993	2.009	3.224	3.193	3.221	3.042	3.050	2.935	4.426
evm.model.Seg2094.7	1.444	6.974	1.473	0.783	0.759	1.368	11.582	6.805	6.034	5.570	4.101	4.151	2.440	0.507	9.004	3.525	0.624	10.732
evm.model.Seg2105.3	0.047	4.946	0.000	0.000	0.238	0.000	0.102	1.728	1.978	0.855	0.000	0.902	1.489	0.000	0.000	0.183	0.000	1.389
evm.model.Seg2112.5	0.000	0.000	0.000	0.000	0.409	0.000	0.000	0.491	0.894	0.511	0.000	0.295	0.000	0.000	0.000	0.000	0.000	0.000
evm.model.Seg2136.5.4.57f48f79	0.489	0.310	0.000	0.763	0.878	0.445	0.588	0.395	1.195	1.107	0.000	0.000	1.042	0.363	0.994	0.000	0.000	0.000
evm.model.Seg2154.3	18.340	39.866	20.273	7.881	9.527	23.857	14.830	174.638	140.892	154.210	51.190	49.186	53.747	3.824	5.597	19.340	9.167	32.832
evm.model.Seg2190.7	111.606	500.042	53.184	49.721	90.848	173.343	2091.259	329.094	277.266	268.054	166.977	193.004	213.119	123.326	1868.389	2060.363	133.705	222.305
evm.model.Seg2208.4	2.266	51.709	6.878	1.225	4.477	5.028	13.884	30.454	34.718	27.515	8.657	8.539	8.197	7.086	19.428	26.115	2.373	6.740
evm.model.Seg2209.1	2.825	13.340	2.043	3.241	0.565	0.445	2.634	6.261	6.657	3.915	0.718	1.559	1.811	2.625	0.913	1.351	2.596	7.015
evm.model.Seg221.2	3.454	30.387	2.133	2.444	10.843	9.928	1.560	9.408	8.614	7.225	12.489	10.016	9.322	7.764	5.070	3.379	8.266	3.254
evm.model.Seg2219.8	6.356	50.211	6.440	5.222	35.347	10.663	41.983	41.473	47.761	39.175	18.605	22.657	23.292	5.777	35.855	12.820	7.010	11.759
evm.model.Seg2237.1	0.000	26.810	0.000	0.000	0.000	0.000	13.040	18.646	21.004	14.729	1.664	2.297	2.878	0.000	17.928	6.848	0.000	28.522
evm.model.Seg2240.7	1.118	27.404	1.459	0.549	7.563	1.231	65.634	18.070	15.452	13.678	13.310	10.139	10.182	3.399	27.135	22.243	1.510	24.270
evm.model.Seg2322.2	10.361	58.024	15.604	12.809	48.852	18.838	38.071	86.348	69.186	99.757	85.998	64.559	50.910	1.281	61.936	61.507	21.486	40.672
evm.model.Seg2322.3	3.640	25.080	2.063	1.265	8.151	8.696	1.099	8.331	9.669	6.797	3.114	2.658	0.000	0.000	14.257	26.809	0.000	5.655
evm.model.Seg2322.9	0.543	1.873	0.000	0.181	2.082	0.368	0.972	1.579	1.265	1.599	2.119	2.207	2.250	4.790	0.000	0.749	2.565	0.000
evm.model.Seg2325.2.1.57f48f79	0.536	1.072	0.042	0.616	1.450	1.137	0.741	1.131	1.064	1.060	0.110	0.312	0.174	0.000	0.000	0.584	0.578	0.506
evm.model.Seg2325.2.2.57f48f79	0.000	0.969	0.000	0.000	0.275	0.590	0.000	0.405	0.703	0.279	0.842	0.402	0.165	0.576	0.852	0.000	0.000	0.000
evm.model.Seg2355.6	0.248	1.898	0.174	0.429	0.506	0.325	0.230	3.552	3.404	1.702	0.235	0.230	0.157	0.123	0.000	0.274	0.000	0.000
evm.model.Seg2366.5	0.730	9.389	2.279	1.875	0.320	0.188	34.594	6.592	6.687	7.541	2.630	5.472	4.888	0.247	6.388	2.776	0.108	0.000
evm.model.Seg2408.1	1.576	0.865	0.834	1.259	0.097	0.060	0.460	2.059	2.229	1.646	0.311	0.304	0.521	1.905	0.385	0.621	1.310	1.287
evm.model.Seg2408.4	10.928	12.023	6.107	3.977	0.178	0.154	13.526	29.526	28.213	21.071	8.719	7.711	7.585	26.910	24.843	17.221	15.130	46.240
evm.model.Seg2413.1	12.938	76.724	4.419	1.727	12.561	3.839	83.506	50.657	53.714	46.019	21.960	37.981	39.967	2.494	49.463	33.000	3.212	63.871
evm.model.Seg2424.5	0.000	0.194	0.028	0.000	0.000	0.000	0.230	0.789	0.552	0.530	0.311	0.041	0.000	0.000	0.000	0.000	0.062	0.000
evm.model.Seg2454.6	0.714	6.444	1.598	1.158	5.094	2.428	1.841	6.229	6.797	6.174	9.962	8.318	7.957	4.852	0.831	4.876	5.724	1.953
evm.model.Seg2468.1	5.767	31.149	5.635	4.453	17.387	5.592	26.131	24.800	22.691	19.871	21.014	15.004	13.234	10.663	25.715	24.234	6.910	38.632
evm.model.Seg2471.3.2.57f48f79	7.226	22.703	4.801	5.109	15.885	11.971	8.463	17.334	20.281	16.515	23.997	20.163	23.118	9.909	10.241	13.331	11.394	18.398
evm.model.Seg2494.2	5.441	2.880	4.752	2.410	3.629	4.250	4.347	12.800	13.263	13.483	9.051	6.833	7.097	5.256	3.225	2.904	8.574	15.592
evm.model.Seg2516.5	0.000	0.375	0.000	0.000	0.000	0.000	0.000	0.683	0.402	0.353	0.138	0.025	0.050	0.000	0.284	0.000	0.000	0.000
evm.model.Seg2519.5	0.093	2.673	0.083	0.000	0.498	0.274	0.000	0.789	0.904	0.549	0.566	0.788	0.753	0.459	0.000	0.037	0.401	0.564
evm.model.Seg2569.3	23.555	43.767	15.049	11.168	18.287	38.573	157.245	49.185	45.501	45.545	30.976	30.655	30.108	54.451	148.958	139.578	32.425	44.967
evm.model.Seg2585.1	0.116	0.904	0.076	0.000	0.112	0.239	0.358	0.491	0.562	0.539	0.497	0.295	0.323	1.083	0.243	0.000	0.462	0.419
evm.model.Seg2619.3.1.57f48f79	0.000	1.898	0.000	0.000	0.000	0.000	1.457	1.760	1.737	2.185	2.306	2.026	1.927	0.000	3.285	1.972	0.000	4.079
evm.model.Seg2619.6	2.212	3.009	1.396	0.000	1.116	1.659	0.000	3.019	1.898	2.167	1.691	0.574	0.182	0.000	0.000	0.000	2.303	0.000
evm.model.Seg2628.13.3.57f48f79	0.140	0.155	0.000	0.094	0.030	0.068	0.000	0.128	0.050	0.046	0.000	0.000	0.000	0.000	0.000	0.000	0.000	0.000
evm.model.Seg2635.4	0.924	6.328	0.452	1.152	1.123	1.180	1.202	9.248	6.275	4.528	0.345	0.271	0.430	0.000	1.197	1.224	0.123	0.391
evm.model.Seg264.2	1.482	12.256	2.112	1.647	3.079	1.189	3.349	6.763	7.179	7.634	7.111	5.365	6.170	2.508	8.599	8.054	3.051	12.178
evm.model.Seg2655.2	9.244	44.684	9.213	7.251	19.864	9.902	38.404	33.867	29.889	28.696	28.677	20.820	19.256	19.818	34.091	36.725	12.041	50.709
evm.model.Seg2673.4	1.599	11.106	0.556	2.812	0.744	1.650	9.793	10.603	8.303	8.890	6.310	8.425	8.941	3.262	9.856	6.447	9.622	5.149
evm.model.Seg2674.2	2.181	7.736	1.918	1.286	0.260	0.000	0.000	5.525	5.632	5.774	1.505	1.559	0.695	0.000	0.000	0.000	2.581	0.622
evm.model.Seg2678.5	0.101	4.184	0.076	0.047	0.283	0.257	1.585	1.440	1.596	1.525	1.243	1.345	1.348	0.822	1.602	2.100	0.401	2.575
evm.model.Seg2721.2	24.005	136.440	13.041	7.345	13.052	10.971	64.790	61.388	59.427	55.904	80.054	52.960	54.847	16.926	104.950	79.696	16.517	120.351
evm.model.Seg2754.5.1.57f48f7a	0.000	5.850	0.917	1.433	1.257	3.591	6.903	18.070	13.705	12.953	2.851	3.142	4.607	1.741	2.312	3.105	7.318	4.484
evm.model.Seg278.7_evm.model.Seg278.8	8.258	47.938	6.440	7.372	26.170	26.089	21.068	80.780	85.451	61.595	22.078	30.532	27.262	41.773	10.181	12.473	34.204	16.026
evm.model.Seg2790.2	0.116	5.282	0.000	0.000	1.822	0.000	0.000	7.115	8.554	7.523	8.208	2.002	0.380	0.000	2.799	4.602	0.000	2.979
evm.model.Seg2803.4	4.129	6.832	5.113	2.136	3.577	3.155	1.662	14.358	15.994	16.170	12.551	3.995	5.087	5.523	1.825	0.639	13.142	7.651
evm.model.Seg2831.1	0.986	5.721	0.243	0.281	0.535	0.453	0.716	2.133	1.586	1.590	1.843	1.099	0.579	0.487	0.527	2.319	0.801	1.143
evm.model.Seg2869.1	0.109	21.270	0.167	0.127	0.840	0.333	46.995	5.269	3.624	3.626	2.851	2.666	2.440	0.089	9.897	9.113	0.039	7.362
evm.model.Seg287.12	0.062	5.876	0.229	0.335	0.662	0.581	0.920	4.832	6.175	4.259	1.498	1.288	1.009	0.206	2.292	0.749	0.354	0.955
evm.model.Seg2871.2	5.526	16.375	4.120	4.084	0.134	0.000	18.026	20.406	20.160	17.314	15.464	12.141	12.721	1.638	29.305	24.289	9.945	26.353
evm.model.Seg2873.1	1.141	49.798	1.445	2.685	1.487	1.231	6.724	24.043	26.205	24.344	28.746	20.081	13.143	0.000	27.784	33.566	3.336	38.054
evm.model.Seg2878.2	0.179	0.620	0.181	0.281	0.364	0.419	0.153	1.429	1.355	0.893	0.000	0.279	0.240	0.000	0.000	0.128	0.709	0.448
evm.model.Seg2879.1.1.57f48f7a	1.063	0.981	0.980	0.455	0.126	0.239	0.077	2.507	2.982	1.888	0.421	0.870	0.620	0.603	0.548	0.000	0.593	3.052
evm.model.Seg2880.3	0.186	1.472	0.195	0.000	0.223	0.265	1.176	0.928	0.833	0.670	0.856	0.738	0.571	0.260	1.298	0.530	0.293	2.184
evm.model.Seg290.3	0.109	3.590	0.000	0.000	0.788	0.043	0.000	0.565	0.281	0.353	0.704	0.788	0.687	0.062	0.000	0.000	1.756	0.000
evm.model.Seg2904.4	21.258	8.136	15.542	29.099	79.068	32.698	56.966	110.317	109.798	62.831	9.851	3.634	3.623	3.892	1.704	3.470	3.197	12.063
evm.model.Seg2924.1	8.980	129.621	10.811	12.514	2.090	0.000	274.987	105.794	90.702	58.331	34.442	14.142	19.901	0.000	458.919	381.589	0.262	88.922
evm.model.Seg2941.1.1.57f48f7a	0.000	7.206	0.000	0.375	0.238	0.462	2.940	5.088	5.281	5.300	5.475	4.061	4.789	0.000	4.157	3.232	0.000	8.823
evm.model.Seg2949.4	0.893	8.782	0.855	0.442	5.964	1.360	5.011	12.107	15.171	9.531	6.786	15.996	21.332	18.701	0.162	2.009	7.519	3.457
evm.model.Seg2967.1.2.57f48f7a	2.639	12.424	1.848	2.290	2.149	3.514	5.190	4.949	3.875	3.757	12.565	11.288	10.728	3.111	8.741	10.336	5.269	8.982
evm.model.Seg3028.3	0.155	1.588	0.299	0.000	0.134	0.000	0.000	1.781	0.863	0.995	0.000	0.000	0.000	0.000	0.466	0.000	0.000	0.043
evm.model.Seg3053.7	0.000	2.906	0.000	0.000	0.059	0.000	0.000	1.461	1.637	0.735	0.504	0.000	0.000	0.000	0.000	0.000	0.000	0.000
evm.model.Seg3053.7.1.57f48f7a	2.398	22.264	0.521	0.824	0.387	0.881	0.563	5.760	5.392	3.692	2.175	0.623	0.074	0.000	1.115	3.196	0.000	0.000
evm.model.Seg3061.1	0.978	3.655	1.299	0.817	3.570	5.524	3.401	5.771	6.416	5.458	0.000	2.543	4.979	0.000	1.805	3.488	0.000	0.000
evm.model.Seg3117.1.2.57f48f7a	0.613	4.029	0.271	3.508	2.172	5.968	0.000	4.832	4.679	7.216	2.188	4.717	2.738	8.251	3.103	0.000	0.000	0.145
evm.model.Seg3117.6	0.000	0.000	0.000	0.000	0.000	0.000	0.000	0.043	0.422	0.521	0.000	0.000	0.000	0.000	0.000	0.000	0.000	0.000
evm.model.Seg3133.3	0.567	1.059	0.028	0.864	0.573	0.658	0.179	0.875	0.813	0.670	0.235	0.180	0.091	0.569	0.122	0.274	0.562	0.752
evm.model.Seg318.6	0.000	2.028	0.000	0.000	0.082	0.000	0.179	0.576	0.532	0.418	0.297	0.098	0.182	0.802	0.406	0.329	0.254	0.159
evm.model.Seg3193.2	0.551	1.898	0.000	0.850	3.927	1.975	0.205	1.451	1.898	1.813	2.761	1.559	0.422	2.618	0.466	1.315	0.000	0.000
evm.model.Seg3208.3	1.715	18.764	0.987	0.529	4.083	0.094	20.685	13.803	11.275	11.605	12.019	7.678	6.079	0.487	10.586	18.810	0.354	29.766
evm.model.Seg3283.4	3.562	13.224	2.612	1.821	3.235	5.917	1.099	9.590	9.568	6.444	3.590	2.650	2.291	1.693	3.103	1.260	2.404	11.455
evm.model.Seg332.5	0.846	8.872	0.382	0.335	0.290	0.462	1.688	2.155	1.757	1.897	1.698	2.133	2.655	0.411	0.446	2.575	0.285	0.868
evm.model.Seg3335.3	9.919	103.947	7.524	8.195	20.012	30.638	13.065	41.910	41.094	24.893	1.464	0.812	1.257	3.776	95.296	77.797	2.511	6.292
evm.model.Seg3382.2.2.57f48f7a	8.103	11.235	3.627	0.020	0.000	2.531	0.000	0.181	15.873	0.000	0.000	0.386	0.356	3.495	5.942	0.000	0.000	7.376
evm.model.Seg3433.1	9.702	26.151	10.185	6.140	20.340	22.574	30.605	55.020	68.624	72.530	76.802	75.059	78.511	15.734	23.687	31.174	19.660	34.727
evm.model.Seg3473.4	1.343	9.143	0.931	0.107	3.994	0.351	2.685	7.627	4.408	6.286	7.939	3.601	1.985	9.354	3.732	5.479	5.431	5.670
evm.model.Seg3495.3	7.218	42.540	3.682	1.366	5.012	26.131	70.773	73.260	68.061	75.152	52.805	41.024	36.948	25.403	39.485	28.836	16.563	39.428
evm.model.Seg351.12.1.57f48f7a	1.079	1.408	0.403	0.402	0.402	0.051	0.358	1.376	1.436	1.599	0.276	0.484	0.289	0.322	1.338	1.315	1.048	1.649
evm.model.Seg351.14	0.411	0.181	0.083	0.000	0.297	0.599	0.128	0.555	0.813	0.502	0.097	0.049	0.033	0.466	0.507	0.000	0.077	0.000
evm.model.Seg353.7	0.349	34.391	0.382	1.352	0.119	0.068	41.293	32.011	30.913	20.076	5.261	19.647	21.886	0.295	8.132	22.755	0.408	0.000
evm.model.Seg353.8	0.000	1.847	0.000	0.000	0.000	0.000	0.281	3.211	2.480	1.627	0.200	0.369	2.126	0.000	0.000	0.000	0.000	0.000
evm.model.Seg3544.2	3.539	18.648	4.731	4.446	6.299	3.001	15.085	18.347	20.090	16.189	16.147	10.869	11.108	6.085	12.026	13.112	4.722	14.984
evm.model.Seg3561.5	1.715	2.079	1.911	1.855	3.503	1.770	0.230	3.861	3.253	2.790	1.008	0.082	0.306	2.152	0.548	0.000	1.379	1.649
evm.model.Seg3581.1	0.000	3.732	0.104	0.536	6.782	7.961	2.352	8.875	13.494	11.075	26.171	25.520	33.342	8.504	0.953	5.333	10.623	3.153
evm.model.Seg362.5	0.000	19.268	0.000	0.000	31.212	0.000	13.014	27.382	37.349	42.969	13.207	9.893	19.297	20.147	12.959	42.423	25.800	36.159
evm.model.Seg3735.1	2.041	20.857	0.618	1.399	19.068	10.595	29.736	5.397	5.773	8.015	6.973	7.736	7.428	4.735	14.439	23.449	0.462	26.063
evm.model.Seg3746.3	0.078	0.633	0.340	0.295	1.599	0.385	0.000	0.736	0.231	1.302	0.856	0.304	0.562	0.000	0.203	1.205	0.000	0.000
evm.model.Seg3749.1	4.036	26.565	3.154	3.401	5.548	3.814	29.608	13.355	8.624	17.221	20.580	4.545	3.408	9.820	16.244	24.234	12.326	31.487
evm.model.Seg375.1	11.789	20.676	1.139	1.982	9.065	6.088	3.631	15.222	9.468	12.600	25.495	26.537	19.413	19.598	0.000	0.000	16.255	3.254
evm.model.Seg3765.5	0.388	50.805	0.000	0.000	9.341	7.362	27.230	28.737	31.395	17.045	7.718	13.790	5.922	7.086	1.197	2.904	4.930	3.905
evm.model.Seg3769.3	0.000	2.247	0.000	0.181	0.015	0.000	1.253	5.003	6.185	6.221	2.547	3.068	2.457	0.000	3.792	2.812	0.000	3.283
evm.model.Seg378.1	0.000	1.640	0.000	0.000	0.245	0.000	0.000	11.904	6.697	5.970	4.391	0.000	0.000	0.000	0.000	0.000	0.000	0.000
evm.model.Seg3791.3	0.000	7.568	0.396	0.000	0.097	0.000	2.403	8.512	5.442	5.616	2.016	3.732	4.169	0.000	9.471	2.356	1.510	2.560
evm.model.Seg382.21	0.000	0.633	0.000	0.000	0.000	0.000	0.563	2.944	2.460	2.325	0.276	0.673	0.620	0.000	0.000	0.000	0.000	0.000
evm.model.Seg38.3.1.57f48f7b	1.661	1.834	0.000	0.201	0.067	0.864	0.563	0.747	0.914	0.948	0.573	0.746	0.306	0.000	0.142	0.548	0.000	1.649
evm.model.Seg3855.1	0.000	2.880	0.000	0.127	0.052	0.000	0.000	6.432	6.325	5.244	5.378	0.000	0.339	0.000	0.000	0.000	0.000	0.000
evm.model.Seg3899.1	1.645	4.042	0.931	2.330	0.669	0.000	3.324	7.637	7.169	6.063	2.879	3.847	4.318	6.770	3.995	0.219	1.810	1.446
evm.model.Seg3906.3	2.476	2.932	0.917	0.000	2.067	2.463	8.693	3.989	3.634	2.380	1.022	3.125	4.830	0.932	5.455	6.045	0.000	0.000
evm.model.Seg3927.3	0.000	0.000	0.000	0.000	0.297	0.000	0.000	4.149	4.076	2.780	0.000	0.000	0.422	0.000	0.000	0.000	0.000	0.000
evm.model.Seg394.2	1.312	4.197	4.426	0.000	1.145	1.779	5.599	2.880	4.327	3.031	3.583	3.257	2.002	0.000	3.732	1.589	0.000	0.000
evm.model.Seg3960.2	3.710	38.536	3.516	2.625	19.849	4.994	37.892	31.766	28.624	27.468	28.898	17.990	17.188	5.681	28.412	39.866	5.292	51.548
evm.model.Seg3963.2	0.000	0.220	0.049	0.000	0.112	0.060	0.205	0.629	0.633	0.670	0.097	0.271	0.083	0.000	0.000	0.000	0.000	0.101
evm.model.Seg3969.1	0.466	5.656	0.167	0.917	0.342	0.581	0.230	4.704	4.157	1.925	1.077	0.574	1.034	0.226	0.243	1.625	0.393	0.087
evm.model.Seg4048.1.1.57f48f7b	24.712	13.586	23.511	25.523	17.700	19.428	38.634	27.510	29.337	28.742	40.186	34.248	38.511	4.064	32.185	25.421	1.217	0.000
evm.model.Seg408.1	0.248	0.284	0.049	0.000	0.059	0.077	0.563	0.768	0.432	0.688	0.228	0.082	0.083	0.281	0.304	0.128	0.000	0.391
evm.model.Seg4090.1	2.018	8.859	0.716	0.803	0.706	0.701	5.318	5.941	5.211	3.785	1.346	3.404	3.333	1.583	3.285	4.127	2.357	2.372
evm.model.Seg4094.1	0.000	97.632	0.000	0.000	0.848	0.539	401.960	391.378	374.805	241.664	52.336	95.034	130.546	128.911	60.800	142.957	122.311	2.170
evm.model.Seg4119.6	7.567	17.499	3.995	5.156	0.297	0.000	0.000	11.638	14.468	17.314	8.429	1.321	0.000	0.000	0.000	5.260	0.000	5.771
evm.model.Seg4149.2	0.419	7.503	0.104	0.134	1.063	0.496	0.230	0.715	1.054	0.697	1.063	0.968	0.835	0.206	1.521	2.045	0.069	0.246
evm.model.Seg4204.2	1.001	21.476	1.487	0.984	1.651	0.838	0.537	7.296	8.273	5.784	3.735	1.747	1.340	0.637	0.527	0.749	1.587	2.054
evm.model.Seg4218.3.1.57f48f7b	102.572	348.686	44.229	86.272	84.668	154.360	190.177	236.377	262.949	233.797	336.529	245.209	202.358	151.312	324.421	311.901	130.739	440.112
evm.model.Seg4272.1	0.310	1.253	0.229	0.261	0.238	0.291	0.332	2.475	2.881	1.646	0.511	0.230	0.223	0.370	0.811	1.333	0.847	0.043
evm.model.Seg4314.2	0.000	0.000	0.000	0.000	0.015	0.000	0.051	2.976	2.440	1.823	0.000	0.000	0.000	0.000	0.000	0.000	0.000	0.000
evm.model.Seg4396.1	0.279	1.563	0.347	0.763	0.350	0.000	0.230	3.424	5.130	3.552	1.353	2.814	3.135	4.721	0.000	0.000	2.265	2.329
evm.model.Seg4400.1	0.000	1.769	0.000	0.000	2.105	0.000	0.051	8.928	7.691	10.182	1.367	0.000	0.670	0.000	0.000	0.000	0.000	3.023
evm.model.Seg4419.1	5.262	49.100	4.141	2.531	21.269	23.883	9.358	53.014	28.775	20.625	18.322	12.436	11.737	20.482	27.317	12.199	24.344	54.976
evm.model.Seg453.3	28.600	90.310	14.541	7.178	39.943	38.821	155.865	63.649	47.911	49.711	40.234	45.864	33.590	47.728	98.967	87.860	23.211	77.669
evm.model.Seg453.3.1.57f48f7b	137.164	295.609	83.956	50.631	178.959	190.753	731.024	288.730	324.002	284.038	274.286	258.851	202.854	156.507	550.200	534.061	101.920	355.963
evm.model.Seg4631.3	2.592	5.786	0.438	1.500	6.358	0.479	4.986	6.933	4.468	6.081	6.413	5.857	6.898	7.072	2.636	1.662	7.134	0.000
evm.model.Seg471.1.1.57f48f7b	0.792	2.712	0.000	0.141	0.208	0.710	1.815	2.411	1.145	0.363	1.332	0.878	0.000	0.678	2.718	0.000	0.000	0.940
evm.model.Seg473.4	31.821	57.637	26.811	15.641	154.128	37.461	5.625	76.833	113.623	115.964	116.684	225.128	203.185	194.772	41.838	70.985	87.190	65.260
evm.model.Seg4755.1	0.000	0.646	0.021	0.388	0.052	0.000	0.256	1.365	1.416	0.911	0.152	0.369	0.496	0.000	0.000	0.201	0.000	0.000
evm.model.Seg483.1	4.990	7.568	3.085	1.915	1.532	1.197	10.202	12.854	12.972	12.990	11.115	10.238	15.492	5.277	15.088	12.984	4.376	14.435
evm.model.Seg4841.2	0.000	4.675	0.000	0.000	1.249	0.145	0.818	3.104	2.048	1.293	1.146	1.099	1.563	0.000	2.474	0.000	0.000	1.924
evm.model.Seg4952.2	4.758	15.239	2.564	1.875	9.348	8.004	56.480	14.080	11.044	9.159	2.872	5.168	5.153	7.188	20.524	17.294	3.513	21.088
evm.model.Seg4966.2.1.57f48f7c	0.000	6.728	0.000	0.000	0.268	1.171	0.000	3.840	0.000	0.000	2.506	4.208	9.132	3.707	1.014	6.538	0.000	4.628
evm.model.Seg5012.1.1.57f48f7c	0.450	2.376	0.000	0.000	0.260	0.539	0.307	1.408	1.667	0.428	1.408	0.681	0.455	0.000	0.000	0.000	0.000	2.661
evm.model.Seg508.5	6.907	10.964	2.717	2.216	7.132	11.860	29.480	16.384	19.809	14.339	9.803	13.035	10.604	13.527	18.070	8.930	48.541	25.109
evm.model.Seg5112.1	4.509	11.739	2.202	1.125	0.238	0.162	18.460	10.720	8.875	11.865	6.724	7.580	5.352	2.796	6.145	1.863	8.921	8.331
evm.model.Seg517.2	0.000	2.028	0.000	0.000	0.000	0.000	0.000	1.259	1.616	1.116	0.394	0.000	0.000	2.186	0.000	0.000	0.917	2.039
evm.model.Seg5207.1	2.235	5.708	1.403	1.071	2.335	2.540	0.000	5.611	5.944	5.375	1.498	0.263	0.571	1.891	0.000	0.000	1.294	3.298
evm.model.Seg5217.1	0.000	1.898	0.000	0.000	0.089	0.000	0.741	11.872	8.695	6.742	0.041	0.049	0.091	0.000	3.103	4.858	0.077	0.000
evm.model.Seg5217.2	0.000	0.839	0.000	0.121	0.022	0.000	0.384	3.317	2.952	2.659	0.041	0.049	0.141	0.000	0.750	1.826	0.000	0.000
evm.model.Seg5383.3	0.000	12.901	0.000	0.000	0.483	0.000	6.929	15.158	15.030	12.311	10.369	9.475	11.745	3.180	14.946	10.136	2.327	13.625
evm.model.Seg549.9	1.971	12.785	2.168	2.551	4.864	2.659	3.631	11.307	11.235	9.810	6.931	7.760	9.256	3.248	3.671	3.634	3.960	9.777
evm.model.Seg550.10.1.57f48f7c	0.543	0.000	0.000	0.000	0.208	0.000	0.000	1.312	0.532	0.400	0.000	0.000	0.000	0.000	0.000	0.000	0.000	0.000
evm.model.Seg5523.1.1.57f48f7c	0.528	2.609	0.021	0.181	0.387	0.564	0.690	1.685	1.576	1.739	1.325	1.542	1.687	0.000	0.264	1.151	1.009	2.430
evm.model.Seg5561.2	5.984	13.844	1.132	0.482	0.736	0.086	7.210	4.736	4.779	4.566	5.164	4.422	4.318	0.507	7.301	9.314	0.085	10.732
evm.model.Seg5587.3	821.376	9966.579	646.571	725.043	585.588	321.897	253.638	4625.350	4345.805	3802.399	2467.483	861.980	53.615	0.000	2341.647	3228.414	0.000	10654.035
evm.model.Seg5618.3	0.000	0.000	0.069	0.000	0.000	0.000	0.000	2.539	2.590	1.832	0.083	0.221	0.182	0.000	0.000	0.256	0.000	0.000
evm.model.Seg5623.1	1.723	3.164	0.945	1.265	0.446	1.351	0.844	4.789	4.679	3.692	1.056	0.304	0.083	1.371	0.649	1.571	0.670	1.519
evm.model.Seg571.20	0.380	2.583	0.354	0.348	1.413	1.744	1.253	1.696	1.225	1.330	2.064	1.624	2.068	3.324	0.913	1.278	1.340	0.593
evm.model.Seg5758.1	0.000	4.391	0.000	0.000	0.000	0.000	1.176	5.707	4.408	5.189	1.436	4.405	4.508	0.000	0.000	9.003	1.217	3.500
evm.model.Seg5904.1.1.57f48f7c	0.233	2.725	0.174	0.000	0.268	1.915	2.378	4.085	3.685	2.725	0.297	0.984	1.059	2.001	4.178	2.849	2.196	0.506
evm.model.Seg596.8	0.000	3.823	0.000	0.000	0.119	0.120	1.304	0.939	1.275	0.511	0.324	0.886	1.266	0.000	3.123	7.378	0.000	0.000
evm.model.Seg6036.2	0.404	1.718	1.126	0.368	0.238	0.188	0.741	9.984	9.598	4.501	0.739	0.246	0.281	0.274	1.217	4.438	0.262	1.461
evm.model.Seg609.7	419.695	2544.545	378.176	377.861	217.259	492.068	4245.851	2280.712	2122.557	1783.111	1048.688	1107.189	1192.855	709.073	4247.270	3739.903	1167.462	2895.118
evm.model.Seg611.5.1.57f48f7c	1.987	1.330	0.000	0.000	0.892	0.000	0.435	1.653	2.540	2.120	2.423	1.050	1.365	1.967	0.345	1.479	0.000	4.339
evm.model.Seg620.3	1.024	6.225	0.236	0.549	3.763	4.523	7.594	1.696	1.948	2.697	4.805	2.354	2.457	1.891	2.697	5.716	0.231	5.540
evm.model.Seg622.5	0.590	1.266	0.424	0.670	0.171	0.291	1.048	2.453	1.978	1.664	0.614	0.369	0.505	0.493	0.466	1.224	0.401	1.316
evm.model.Seg6237.1	2.825	12.165	3.078	3.629	0.669	0.581	5.523	24.811	28.202	18.272	0.849	0.689	0.612	0.384	22.612	13.715	0.401	0.897
evm.model.Seg625.8	4.051	5.295	2.675	2.986	3.034	4.293	5.778	8.064	7.761	6.305	1.933	1.452	1.861	2.022	7.382	6.154	1.209	3.862
evm.model.Seg6335.1	1.156	2.131	0.980	0.770	0.350	0.359	1.969	3.616	3.855	2.278	0.249	0.607	0.943	1.158	2.170	0.858	0.393	2.285
evm.model.Seg6355.1	0.000	0.762	0.000	0.000	0.141	0.120	0.588	1.120	0.793	1.246	0.193	0.722	0.802	0.000	0.000	0.895	0.000	0.000
evm.model.Seg6400.1.1.57f48f7d	1.591	1.718	0.000	0.000	0.573	0.522	0.486	1.088	0.552	0.735	2.679	1.624	1.191	1.789	1.440	0.603	0.948	1.736
evm.model.Seg6522.1	0.000	5.644	0.090	0.000	0.379	0.162	11.276	7.424	8.504	7.123	3.252	1.509	0.637	4.393	3.792	1.096	4.214	2.155
evm.model.Seg6559.1	0.000	12.643	0.000	0.000	0.059	0.000	0.000	1.707	2.169	1.302	1.132	2.264	3.490	0.000	3.813	4.949	0.000	0.000
evm.model.Seg664.1	0.000	2.415	0.000	0.000	0.030	0.000	1.151	1.280	0.974	0.539	0.028	0.230	0.165	0.000	3.245	0.657	0.000	0.000
evm.model.Seg6644.1	0.000	0.077	0.195	0.094	1.316	0.513	0.793	34.347	23.454	31.606	0.290	0.156	0.000	0.000	0.000	1.096	0.000	0.000
evm.model.Seg690.12.1.57f48f7d	2.522	27.559	0.000	0.000	0.000	0.000	11.582	10.710	10.472	7.941	9.658	7.457	7.254	0.034	15.048	21.951	0.000	29.781
evm.model.Seg690.13	2.103	8.459	1.890	1.580	2.291	2.232	4.091	6.848	6.014	5.858	4.425	3.585	2.854	2.789	5.293	2.064	1.679	6.957
evm.model.Seg699.6.1.57f48f7d	0.000	1.718	0.000	0.000	1.130	0.966	0.000	1.035	0.532	1.506	3.486	2.625	1.845	2.775	0.629	3.634	0.000	2.864
evm.model.Seg711.3	50.650	345.316	39.657	30.083	108.793	33.306	207.768	174.040	147.117	125.970	37.231	84.599	96.518	79.031	287.856	221.868	34.905	355.081
evm.model.Seg7143.1	0.970	8.343	0.465	0.730	1.190	0.975	0.511	2.411	2.620	2.297	1.429	2.978	3.606	0.391	0.223	1.224	0.532	0.231
evm.model.Seg719.8	0.000	1.214	0.000	0.000	0.045	0.000	0.000	1.632	1.707	0.986	0.131	0.115	0.157	0.000	0.000	0.274	0.000	0.000
evm.model.Seg7273.1	1.544	5.863	0.667	0.234	1.510	1.223	1.969	2.805	4.478	3.385	11.046	9.196	6.849	19.688	1.501	0.000	6.987	0.000
evm.model.Seg732.2.1.57f48f7d	2.196	2.609	0.000	0.000	0.781	0.855	0.000	1.077	0.853	1.395	0.000	0.000	0.000	2.446	2.616	3.488	0.000	3.442
evm.model.Seg736.2	12.822	181.976	11.137	13.210	0.744	8.508	105.853	113.879	86.575	84.674	107.012	79.505	74.194	0.000	140.866	96.552	9.345	278.887
evm.model.Seg7378.1	0.000	0.827	0.000	0.000	0.201	0.043	0.000	1.515	2.400	1.832	0.297	0.779	0.471	3.063	0.000	0.000	0.670	0.000
evm.model.Seg7491.1.1.57f48f7d	0.000	7.232	0.174	0.529	0.104	0.333	3.477	1.973	2.570	2.613	5.364	2.379	1.257	0.000	4.786	7.268	1.117	11.484
evm.model.Seg752.10	104.908	393.538	83.240	73.938	511.882	179.465	602.236	247.855	258.049	239.107	205.188	472.732	645.195	88.666	326.166	406.955	142.541	211.573
evm.model.Seg756.5	0.210	9.298	0.403	0.000	21.768	0.599	24.137	19.563	17.199	22.828	13.994	49.588	95.029	3.632	11.134	24.325	4.237	14.521
evm.model.Seg760.5	39.869	217.826	21.989	17.542	18.071	45.371	354.556	79.671	72.037	59.307	20.904	62.935	81.216	21.620	183.515	185.270	28.558	208.449
evm.model.Seg7644.1	14.350	8.368	6.024	5.845	16.093	18.932	6.699	24.939	17.731	23.563	6.344	6.776	5.128	15.850	0.000	2.776	10.747	4.498
evm.model.Seg7722.1	0.000	6.754	0.000	0.000	0.171	0.428	0.920	12.086	12.108	10.238	1.719	6.563	10.050	0.000	0.000	3.433	0.000	0.000
evm.model.Seg7809.2	0.000	0.375	0.215	0.000	0.022	0.000	0.000	0.672	0.753	0.502	0.000	0.000	0.000	0.000	0.000	0.000	0.239	0.000
evm.model.Seg783.7	0.893	1.304	0.042	0.127	1.978	1.813	0.179	0.853	1.104	1.181	0.801	0.943	1.464	0.535	0.000	0.584	0.855	0.202
evm.model.Seg786.7	0.427	2.170	0.215	0.154	0.245	0.257	0.690	1.483	1.044	1.237	0.835	0.837	0.935	0.288	0.953	0.877	0.100	0.000
evm.model.Seg7972.1	0.962	16.982	1.390	1.044	4.812	3.172	110.532	46.187	42.018	30.351	8.174	10.631	12.564	14.062	86.211	51.499	20.885	78.378
evm.model.Seg800.9	0.993	2.802	0.500	0.408	1.197	0.941	3.938	1.824	1.837	3.803	3.907	4.422	4.458	1.521	2.231	2.265	2.257	1.909
evm.model.Seg802.8	0.031	0.271	0.035	0.000	0.030	0.026	0.128	0.544	0.522	0.298	0.518	0.131	0.083	0.233	0.122	0.256	0.223	0.087
evm.model.Seg80.3	7.847	20.947	5.822	7.271	2.677	4.173	27.972	6.453	5.703	4.380	0.525	7.481	11.514	0.658	14.196	18.080	0.000	0.000
evm.model.Seg806.18	0.179	0.439	0.097	0.241	0.297	0.000	0.000	1.525	2.118	1.293	0.269	0.180	0.000	0.487	0.000	0.000	0.231	0.231
evm.model.Seg8.10	1.149	7.671	0.855	0.716	5.072	3.018	6.750	4.256	4.066	3.506	5.882	3.659	3.267	2.131	5.638	9.022	3.343	2.126
evm.model.Seg81.16	0.582	22.678	0.556	0.000	0.967	0.505	6.315	12.779	9.930	8.062	3.894	3.708	5.633	0.000	6.814	17.203	0.000	0.680
evm.model.Seg8143.1	1.506	7.968	0.841	0.442	0.959	2.061	1.227	30.923	31.285	23.265	14.739	5.759	8.395	0.726	0.000	0.000	1.225	2.618
evm.model.Seg818.8.2.57f48f7e	0.784	0.646	0.000	0.000	0.811	0.000	0.000	0.896	0.592	0.130	0.000	0.566	1.919	1.261	0.223	0.493	0.932	0.376
evm.model.Seg829.3	0.893	8.885	0.000	0.234	0.268	0.872	2.224	2.304	1.576	1.757	2.126	1.723	1.985	3.769	3.164	0.000	0.994	1.070
evm.model.Seg8406.1	0.450	1.769	0.000	0.000	0.134	0.000	0.409	5.952	4.367	7.160	3.611	1.173	0.000	0.000	0.000	2.758	1.055	0.550
evm.model.Seg8462.1	1.653	2.583	0.278	0.408	0.320	0.000	1.048	7.989	8.203	6.509	2.471	3.519	4.739	5.091	2.515	0.000	0.455	2.039
evm.model.Seg856.2	1.164	5.631	0.639	1.065	3.815	3.036	5.395	5.013	5.090	5.226	11.177	9.491	10.463	0.493	10.870	11.487	1.186	6.465
evm.model.Seg889.10	0.171	3.061	0.104	0.000	0.164	0.060	3.298	2.475	2.651	1.432	2.948	0.304	0.116	0.000	2.494	1.023	0.193	7.420
evm.model.Seg895.9	6.403	67.968	10.692	3.569	5.362	4.164	21.733	34.561	31.385	32.462	39.433	30.278	33.151	3.159	42.690	52.193	3.328	89.978
evm.model.Seg900.8	0.737	1.588	0.000	0.000	0.000	0.000	0.409	1.547	0.000	0.288	0.000	0.000	0.000	0.000	0.446	0.000	0.000	0.000
evm.model.Seg9029.1	604.590	1769.738	439.107	496.612	616.079	920.543	5010.242	2087.450	1772.068	1750.612	732.014	1109.092	1240.762	826.280	2788.743	2577.622	640.731	2037.745
evm.model.Seg907.3.1.57f48f7e	1.863	4.275	1.390	0.301	0.000	0.257	0.818	3.029	3.936	2.566	0.566	0.525	0.215	8.018	1.338	0.000	3.212	7.521
evm.model.Seg925.3	4.820	74.167	1.473	2.250	37.675	38.727	62.105	20.406	21.767	17.677	8.174	14.757	12.945	8.456	5.374	4.712	14.475	3.703
evm.model.Seg9262.1	30.509	79.320	29.903	19.477	47.967	30.125	245.354	119.074	111.274	110.366	70.969	60.900	53.540	28.473	211.603	222.890	37.663	305.818
evm.model.Seg9397.1	4.502	262.419	0.000	0.000	0.000	0.000	243.104	97.591	85.923	57.773	7.028	70.654	79.909	0.000	0.000	189.964	0.000	0.000
evm.model.Seg9486.1	0.000	0.504	0.000	0.000	0.067	0.000	0.000	0.501	0.683	0.530	0.207	0.074	0.000	0.000	0.304	0.000	0.046	0.000
evm.model.Seg9504.1	6.892	19.049	5.482	2.430	8.537	8.234	23.369	19.872	19.508	16.793	7.767	6.850	6.716	10.224	8.274	8.382	11.933	14.015
evm.model.Seg954.13	0.000	0.000	0.000	0.000	0.037	0.000	0.000	1.227	1.948	0.753	0.000	0.000	0.000	0.000	0.385	0.000	0.000	0.000
evm.model.Seg954.2	5.805	13.315	4.287	3.455	6.790	5.396	8.719	16.406	16.355	16.384	12.772	13.470	13.441	9.888	16.082	19.066	10.847	22.288
evm.model.Seg954.5	0.745	2.028	0.465	0.000	0.550	0.205	3.963	4.192	4.859	2.464	0.677	0.000	0.612	0.000	0.000	2.283	0.609	0.000
evm.model.Seg9737.1	0.830	3.771	0.333	0.676	0.335	0.316	3.247	2.453	2.289	2.697	2.651	1.879	2.647	1.432	1.967	5.753	0.393	4.744
evm.model.Seg975.1	0.085	1.679	0.063	0.074	0.126	0.214	0.563	1.184	0.773	0.818	0.897	0.164	0.356	0.000	0.892	2.082	0.285	2.603
evm.model.Seg980.2	20.792	65.501	11.610	5.075	19.127	8.936	8.003	31.766	44.447	49.395	38.888	32.788	36.609	14.164	0.000	58.987	27.479	83.267
evm.model.Seg984.15	0.101	1.162	0.097	0.060	0.030	0.077	0.077	1.525	1.737	1.850	1.332	0.410	0.050	0.212	2.494	0.840	0.100	0.463
evm.model.Seg984.6	0.000	12.372	0.222	0.000	0.454	0.205	5.651	5.301	5.482	4.528	8.968	8.663	8.321	5.948	15.271	10.702	4.823	15.881
